"Y.temp_min" "Y.temp_max" "Y.temp_mean" "Y.num_cold_days" "Y.num_hot_days" "date"
-17.8 4 -5.53709677419355 28 0 1876-01-01
-17.5 14 -0.970689655172414 15 0 1876-02-01
-6.4 16.7 4.02741935483871 4 0 1876-03-01
-1 23.6 10.18 0 0 1876-04-01
-0.5 22.2 8.99354838709677 0 0 1876-05-01
6.4 26.8 16.9816666666667 0 0 1876-06-01
9.2 27 17.6064516129032 0 0 1876-07-01
8.2 28.2 18.1129032258065 0 0 1876-08-01
1.6 23.8 13.19 0 0 1876-09-01
1.3 20.2 10.2741935483871 0 0 1876-10-01
-14.5 6 -0.553333333333333 17 0 1876-11-01
-18 10.4 0.482258064516129 11 0 1876-12-01
-6.8 8.7 0.125806451612903 14 0 1877-01-01
-9.2 11 2.2625 4 0 1877-02-01
-15 18.7 1.93225806451613 11 0 1877-03-01
-2.5 20.2 6.39833333333333 0 0 1877-04-01
-0.5 22 10.0338709677419 0 0 1877-05-01
6 28 17.5 0 0 1877-06-01
10 29 17.1548387096774 0 0 1877-07-01
7 29.7 18.6693548387097 0 0 1877-08-01
-1.6 22.5 10.9566666666667 0 0 1877-09-01
-4 15.5 6.3241935483871 0 0 1877-10-01
-2 10.3 3.60166666666667 0 0 1877-11-01
-11.8 5.5 -0.524193548387097 15 0 1877-12-01
-23.2 7.6 -3.37741935483871 22 0 1878-01-01
-11.8 9.2 0.601785714285714 14 0 1878-02-01
-7.2 15.9 3.05645161290323 5 0 1878-03-01
-0.3 19.7 8.90833333333333 0 0 1878-04-01
3.5 26 13.3822580645161 0 0 1878-05-01
6 26 16.4716666666667 0 0 1878-06-01
9.4 28 17.0532258064516 0 0 1878-07-01
10.2 25.2 17.5854838709677 0 0 1878-08-01
5 25 14.725 0 0 1878-09-01
0.3 16.3 9.44354838709677 0 0 1878-10-01
-5.8 15.6 1.93 5 0 1878-11-01
-20.4 8.8 -4.1241935483871 25 0 1878-12-01
-13.9 11.7 -3.09516129032258 25 0 1879-01-01
-5.2 10.6 1.04464285714286 10 0 1879-02-01
-8.9 16.6 2.54838709677419 9 0 1879-03-01
-2.2 20.3 7.41 0 0 1879-04-01
0.6 23.5 10.5532258064516 0 0 1879-05-01
7.6 30 17.3316666666667 0 0 1879-06-01
7.7 26.8 15.8370967741935 0 0 1879-07-01
8.6 29 18.7387096774194 0 0 1879-08-01
4.9 24.9 14.495 0 0 1879-09-01
-1.3 16.4 7.55161290322581 0 0 1879-10-01
-14.8 10 -0.596666666666667 15 0 1879-11-01
-22.5 6.6 -10.4758064516129 29 0 1879-12-01
-18.9 7 -4.74516129032258 27 0 1880-01-01
-17.3 10 -2.2551724137931 14 0 1880-02-01
-7.6 16.6 4.25645161290323 4 0 1880-03-01
0.4 22.4 10.52 0 0 1880-04-01
2.2 27.8 12.0467741935484 0 0 1880-05-01
6.7 26.7 16.0666666666667 0 0 1880-06-01
9.3 30.3 19.3887096774194 0 1 1880-07-01
9.3 24.9 16.6145161290323 0 0 1880-08-01
4.1 26.8 14.7433333333333 0 0 1880-09-01
-2.8 20 8.91774193548387 1 0 1880-10-01
-1.5 14.3 4.34833333333333 0 0 1880-11-01
-5.6 10.1 3.38709677419355 3 0 1880-12-01
-19.4 3.6 -6.35 29 0 1881-01-01
-14.8 7.6 -1.12321428571429 21 0 1881-02-01
-10 16.4 4.26290322580645 7 0 1881-03-01
-1.8 19 6.405 0 0 1881-04-01
0.7 25.6 11.9161290322581 0 0 1881-05-01
5.4 28.3 15.6716666666667 0 0 1881-06-01
7 32 19.8096774193548 0 6 1881-07-01
5.9 30.7 18.2032258064516 0 1 1881-08-01
1.2 21.1 12.77 0 0 1881-09-01
-1.8 17 5.94677419354839 1 0 1881-10-01
-4.8 11.7 2.82166666666667 7 0 1881-11-01
-11.6 7 0.0274193548387097 13 0 1881-12-01
-7.2 8.9 -0.82741935483871 20 0 1882-01-01
-12.2 11.5 0.485714285714286 13 0 1882-02-01
-2 17.4 7.33225806451613 0 0 1882-03-01
-3.6 21.6 8.23333333333333 1 0 1882-04-01
2.2 28.5 13.5016129032258 0 0 1882-05-01
3.9 26.1 14.6216666666667 0 0 1882-06-01
8.2 30 17.5096774193548 0 0 1882-07-01
9 26 15.3306451612903 0 0 1882-08-01
4.2 24.5 13.525 0 0 1882-09-01
-0.2 17.6 9.49516129032258 0 0 1882-10-01
-7.9 13.7 4.18833333333333 4 0 1882-11-01
-10.2 11.5 -0.640322580645161 20 0 1882-12-01
-14.4 10.6 -2.17096774193548 21 0 1883-01-01
-5.3 7.4 1.04285714285714 8 0 1883-02-01
-11.1 10.1 -0.732258064516129 17 0 1883-03-01
-1 18.3 7.29333333333333 0 0 1883-04-01
4.1 26.8 13.6838709677419 0 0 1883-05-01
8.6 28.2 16.925 0 0 1883-06-01
7.2 31.8 17.9483870967742 0 3 1883-07-01
8.7 27.2 17.2306451612903 0 0 1883-08-01
6 26.7 14.555 0 0 1883-09-01
0.5 17 8.51451612903226 0 0 1883-10-01
-4 13.8 2.95 5 0 1883-11-01
-13.1 7.1 -0.409677419354839 13 0 1883-12-01
-8 12 1.57741935483871 8 0 1884-01-01
-7 9.1 1.74137931034483 6 0 1884-02-01
-2.3 18.3 5.3 0 0 1884-03-01
-2 18.7 7.28 0 0 1884-04-01
2.9 26.8 14.4403225806452 0 0 1884-05-01
0.6 25.2 13.0866666666667 0 0 1884-06-01
8.5 31.4 18.8258064516129 0 5 1884-07-01
4.1 28.8 17.3403225806452 0 0 1884-08-01
5.1 24.4 14.22 0 0 1884-09-01
1 16.6 8.23225806451613 0 0 1884-10-01
-12.4 12.1 1.35166666666667 13 0 1884-11-01
-9.3 9.5 0.848387096774194 10 0 1884-12-01
-15.4 2.4 -5.86612903225806 31 0 1885-01-01
-10 10.8 0.767857142857143 9 0 1885-02-01
-3.9 12.1 3.69193548387097 4 0 1885-03-01
0 25.5 11.0733333333333 0 0 1885-04-01
0.9 26.7 11.5387096774194 0 0 1885-05-01
6 28.9 18.0283333333333 0 0 1885-06-01
9.8 29.4 18.8935483870968 0 0 1885-07-01
5.9 27.6 16.708064516129 0 0 1885-08-01
2.7 25 13.8666666666667 0 0 1885-09-01
-1.1 22.5 8.28064516129032 0 0 1885-10-01
-6.5 15.9 3.43166666666667 5 0 1885-11-01
-12.5 15.3 -1.33333333333333 21 0 1885-12-01
-13.8 5.4 -3.57258064516129 26 0 1886-01-01
-10.3 4.6 -2.00714285714286 23 0 1886-02-01
-15.3 18.1 0.398387096774194 14 0 1886-03-01
0.1 22.4 10.3566666666667 0 0 1886-04-01
1 28.7 14.0435483870968 0 0 1886-05-01
7.4 28.7 15.265 0 0 1886-06-01
8.9 31.8 18.6161290322581 0 2 1886-07-01
8 31 18.1483870967742 0 1 1886-08-01
5 26.1 16.32 0 0 1886-09-01
-0.1 20.6 10.0096774193548 0 0 1886-10-01
-2.1 10.6 3.65166666666667 2 0 1886-11-01
-12 10.6 -0.0145161290322581 14 0 1886-12-01
-15.5 3.1 -5.36935483870968 28 0 1887-01-01
-15 7.5 -2.51071428571429 20 0 1887-02-01
-9 9.8 1.20483870967742 10 0 1887-03-01
-4.9 22.8 8.85 1 0 1887-04-01
2.6 24.1 11.7596774193548 0 0 1887-05-01
9.1 27 16.785 0 0 1887-06-01
11.3 29.9 21.2290322580645 0 0 1887-07-01
8.1 29 17.2532258064516 0 0 1887-08-01
2.1 26.1 14.3833333333333 0 0 1887-09-01
-3.7 15.3 5.84032258064516 1 0 1887-10-01
-8.2 13.2 2.425 6 0 1887-11-01
-13.8 9.9 -2.13064516129032 19 0 1887-12-01
-18.6 7.3 -4.12258064516129 22 0 1888-01-01
-14.7 4.5 -1.90344827586207 20 0 1888-02-01
-10.9 19.5 2.70483870967742 9 0 1888-03-01
-2.8 20.7 7.455 1 0 1888-04-01
2.8 26.9 14.1483870967742 0 0 1888-05-01
8 28.8 17.3 0 0 1888-06-01
6.2 27.1 16.358064516129 0 0 1888-07-01
8.7 28.8 16.8274193548387 0 0 1888-08-01
4.2 22.8 13.8166666666667 0 0 1888-09-01
-3 18.5 6.79032258064516 0 0 1888-10-01
-8.1 12.1 1.29333333333333 12 0 1888-11-01
-11.2 5.7 -1.02903225806452 21 0 1888-12-01
-14.9 4.6 -3.9 28 0 1889-01-01
-14.2 10.6 -1.98392857142857 20 0 1889-02-01
-12.6 9.5 0.0290322580645161 12 0 1889-03-01
-1 20.8 7.86 0 0 1889-04-01
8 25.9 16.9612903225806 0 0 1889-05-01
11.1 28.3 19.2016666666667 0 0 1889-06-01
8.7 31.2 17.8790322580645 0 2 1889-07-01
8.8 26.8 16.6225806451613 0 0 1889-08-01
3 24.1 11.9666666666667 0 0 1889-09-01
1.1 19.9 9.41774193548387 0 0 1889-10-01
-6 9.6 1.59166666666667 14 0 1889-11-01
-15 3.8 -3.99838709677419 27 0 1889-12-01
-6.7 9.8 0.691935483870968 14 0 1890-01-01
-11.2 2.2 -3.73571428571429 28 0 1890-02-01
-15.1 20.2 4.52258064516129 6 0 1890-03-01
-1.1 19.5 8.285 0 0 1890-04-01
5.1 25.7 14.6870967741935 0 0 1890-05-01
6 26.6 14.7033333333333 0 0 1890-06-01
7.6 29.2 17.2467741935484 0 0 1890-07-01
7 28.9 18.3951612903226 0 0 1890-08-01
6.3 21.1 12.67 0 0 1890-09-01
-1.8 21.8 7.51774193548387 0 0 1890-10-01
-13 15.5 2.82833333333333 5 0 1890-11-01
-15.3 4.6 -5.48548387096774 28 0 1890-12-01
-17.8 4.5 -5.70161290322581 27 0 1891-01-01
-14.1 5 -3.06607142857143 23 0 1891-02-01
-6.7 13.2 3.64032258064516 2 0 1891-03-01
-4.3 20 6.24333333333333 0 0 1891-04-01
3 25.2 14.9870967741935 0 0 1891-05-01
6.9 29.8 16.3783333333333 0 0 1891-06-01
11.3 31.5 17.8903225806452 0 1 1891-07-01
9.1 25.1 16.4451612903226 0 0 1891-08-01
1.1 27.5 14.665 0 0 1891-09-01
-3 20.1 10.4693548387097 1 0 1891-10-01
-6.9 7.5 0.988333333333333 10 0 1891-11-01
-14.3 9.7 -0.375 16 0 1891-12-01
-16 10.5 -1.51774193548387 19 0 1892-01-01
-12.7 13.2 0.718965517241379 9 0 1892-02-01
-13 17.6 1.4758064516129 12 0 1892-03-01
-0.9 22 8.82833333333333 0 0 1892-04-01
1 31.9 13 0 2 1892-05-01
8.6 30.7 16.9433333333333 0 1 1892-06-01
8.4 30.4 17.8483870967742 0 1 1892-07-01
9 35.9 20.5048387096774 0 12 1892-08-01
6 27.2 15.305 0 0 1892-09-01
-3.2 20 8.11935483870968 0 0 1892-10-01
-12.1 14.6 1.6 11 0 1892-11-01
-15.2 6.6 -3.3 22 0 1892-12-01
-22.5 6.6 -8.58225806451613 28 0 1893-01-01
-20.3 12.5 1.68035714285714 4 0 1893-02-01
-5 17.3 5.08870967741935 2 0 1893-03-01
-1.5 25.2 10.1066666666667 0 0 1893-04-01
-0.4 26.5 12.7258064516129 0 0 1893-05-01
6 29.5 16.11 0 0 1893-06-01
9.8 29.4 18.8258064516129 0 0 1893-07-01
7.4 32.4 18.6677419354839 0 6 1893-08-01
5.5 26.7 14.6616666666667 0 0 1893-09-01
-0.7 24.4 10.3661290322581 0 0 1893-10-01
-5.2 13.1 1.84833333333333 13 0 1893-11-01
-15 6.6 -2.19838709677419 19 0 1893-12-01
-18.9 5.6 -5.58548387096774 26 0 1894-01-01
-9.3 14.3 2.1375 11 0 1894-02-01
-2.9 19.9 5.56774193548387 0 0 1894-03-01
-0.7 25 11.7533333333333 0 0 1894-04-01
0.5 25 13.2532258064516 0 0 1894-05-01
5.5 27 15.0366666666667 0 0 1894-06-01
10.8 33.8 19.4887096774194 0 4 1894-07-01
8 31.3 17.4967741935484 0 2 1894-08-01
2.2 26.8 13.1683333333333 0 0 1894-09-01
-1.6 17.2 9.36774193548387 0 0 1894-10-01
-3.2 12.5 3.48166666666667 4 0 1894-11-01
-12.2 5.5 -1.17258064516129 19 0 1894-12-01
-17.3 6.7 -5.00645161290323 27 0 1895-01-01
-21.4 3 -7.04107142857143 28 0 1895-02-01
-12.3 14.2 1.65806451612903 10 0 1895-03-01
-2 23 9.335 0 0 1895-04-01
2.4 26.1 13.1145161290323 0 0 1895-05-01
3.9 30.2 16.74 0 1 1895-06-01
10.8 32.2 19.9612903225806 0 6 1895-07-01
7 30.5 17.9709677419355 0 1 1895-08-01
3.5 30.8 17.0166666666667 0 4 1895-09-01
-3.1 23.2 8.14838709677419 1 0 1895-10-01
-5.9 18.8 4.14333333333333 10 0 1895-11-01
-16.4 13.2 -1.36290322580645 24 0 1895-12-01
-20.6 4 -3.49354838709677 27 0 1896-01-01
-11.5 10.5 -1.01379310344828 20 0 1896-02-01
-3 21.8 6.37741935483871 1 0 1896-03-01
-0.4 20.4 6.51833333333333 0 0 1896-04-01
2.6 26.5 11.4064516129032 0 0 1896-05-01
5.6 28.3 17.02 0 0 1896-06-01
8.1 31.8 18.6145161290323 0 4 1896-07-01
6.1 27 15.7096774193548 0 0 1896-08-01
2.9 26.7 14.2716666666667 0 0 1896-09-01
-1.6 21 9.53225806451613 0 0 1896-10-01
-11.6 10.8 1.655 9 0 1896-11-01
-11 6.4 -1.6241935483871 17 0 1896-12-01
-7.8 5.6 -2.12741935483871 25 0 1897-01-01
-9 17.1 2.45357142857143 6 0 1897-02-01
-5.3 16.7 6.49354838709677 0 0 1897-03-01
-0.6 25.1 8.86 0 0 1897-04-01
0.6 23.6 11.0822580645161 0 0 1897-05-01
8 31 17.575 0 3 1897-06-01
9.3 33.5 18.4677419354839 0 3 1897-07-01
7.7 29.6 18.2758064516129 0 0 1897-08-01
4.8 28 14.62 0 0 1897-09-01
-2.1 22 7.54516129032258 0 0 1897-10-01
-10 11.5 1.045 11 0 1897-11-01
-9 10 -1.1741935483871 19 0 1897-12-01
-8 9.6 -0.162903225806452 16 0 1898-01-01
-7.4 10.2 1.08214285714286 8 0 1898-02-01
-3 15.5 5.24516129032258 0 0 1898-03-01
-1.2 21.6 9.63 0 0 1898-04-01
3 26.3 13.9725806451613 0 0 1898-05-01
3.4 27.2 15.75 0 0 1898-06-01
8 30.5 17.2209677419355 0 1 1898-07-01
8 31.5 19.5806451612903 0 7 1898-08-01
2.8 28.9 15.2566666666667 0 0 1898-09-01
1.5 18.8 10.0387096774194 0 0 1898-10-01
-2.5 13.6 4.60833333333333 2 0 1898-11-01
-13.6 11.7 0.303225806451613 14 0 1898-12-01
-5 12.5 1.53870967741935 13 0 1899-01-01
-12 14 1.55 11 0 1899-02-01
-11.8 18.2 4.12903225806452 7 0 1899-03-01
-1 19.1 8.58833333333333 0 0 1899-04-01
1.2 27.8 12.3887096774194 0 0 1899-05-01
7 29.3 16.2183333333333 0 0 1899-06-01
9.1 31.6 18.2629032258065 0 2 1899-07-01
8.4 31 18.0145161290323 0 1 1899-08-01
0.5 28 13.6733333333333 0 0 1899-09-01
-2.8 20 7.99032258064516 0 0 1899-10-01
-0.3 13.4 4.97333333333333 0 0 1899-11-01
-19.2 4 -6.05967741935484 27 0 1899-12-01
-17 7 -0.7 13 0 1900-01-01
-5.9 13.3 2.6125 6 0 1900-02-01
-15.1 18.1 0.906451612903226 12 0 1900-03-01
-9.7 23.3 7.39 3 0 1900-04-01
1.2 26.4 11.7483870967742 0 0 1900-05-01
7 28.6 17.2316666666667 0 0 1900-06-01
8 33.1 20.0177419354839 0 9 1900-07-01
7.1 30 17.8677419354839 0 0 1900-08-01
6.6 27 16.5 0 0 1900-09-01
-0.7 26.5 10.4516129032258 0 0 1900-10-01
-4.1 13 4.77833333333333 0 0 1900-11-01
-5.2 13.7 1.27903225806452 9 0 1900-12-01
-19.8 11.3 -5.53548387096774 22 0 1901-01-01
-19 9.6 -4.72321428571429 24 0 1901-02-01
-6.2 19.8 3.7 6 0 1901-03-01
0.6 25.5 9.45833333333333 0 0 1901-04-01
2.4 29 14.3564516129032 0 0 1901-05-01
7.2 31.3 17.83 0 2 1901-06-01
11.4 30 19.4532258064516 0 0 1901-07-01
7.4 28.6 17.5774193548387 0 0 1901-08-01
6.9 27 14.4683333333333 0 0 1901-09-01
-0.2 24.1 10.1661290322581 0 0 1901-10-01
-7.1 9.9 1.68 9 0 1901-11-01
-6.7 9.4 0.533870967741936 13 0 1901-12-01
-4.5 9.9 1.86935483870968 8 0 1902-01-01
-9 11 -0.283928571428571 14 0 1902-02-01
-8.4 21.8 4.42903225806452 1 0 1902-03-01
-1.2 21.8 9.425 0 0 1902-04-01
2 29 9.68548387096774 0 0 1902-05-01
7.6 31 16.0166666666667 0 3 1902-06-01
7 30.2 18.3209677419355 0 1 1902-07-01
7.4 31.5 17.8032258064516 0 1 1902-08-01
1.4 28.8 14.1616666666667 0 0 1902-09-01
-2.8 18.8 8.05322580645161 0 0 1902-10-01
-9.2 13.4 0.853333333333333 14 0 1902-11-01
-14.5 11 -2.83870967741935 18 0 1902-12-01
-19.2 12.3 -3.59677419354839 17 0 1903-01-01
-8.1 18.8 3.28571428571429 7 0 1903-02-01
-2.3 23 6.4241935483871 0 0 1903-03-01
-2.6 21.6 5.91333333333333 1 0 1903-04-01
1.5 26 13.6177419354839 0 0 1903-05-01
6.1 27.5 16.045 0 0 1903-06-01
7.7 31.1 17.7258064516129 0 2 1903-07-01
8.4 30.1 18.0032258064516 0 1 1903-08-01
3.6 29.1 14.35 0 0 1903-09-01
-1.8 24.7 10.2596774193548 0 0 1903-10-01
-2.1 10.9 4.72166666666667 1 0 1903-11-01
-12 4.3 -1.70806451612903 22 0 1903-12-01
-9.6 6.4 -2.53064516129032 28 0 1904-01-01
-10.2 12.1 1.21551724137931 10 0 1904-02-01
-2.2 20.8 5.21290322580645 0 0 1904-03-01
0.3 24 10.255 0 0 1904-04-01
1.1 28 13.5258064516129 0 0 1904-05-01
7.8 30 17.605 0 0 1904-06-01
9.6 33.8 20.9887096774194 0 8 1904-07-01
8.9 32.6 19.2290322580645 0 5 1904-08-01
2.8 24.8 12.9716666666667 0 0 1904-09-01
1.9 20 9.06935483870968 0 0 1904-10-01
-8.4 13 2.755 6 0 1904-11-01
-12.4 9.8 0.283870967741935 10 0 1904-12-01
-18.2 6.1 -3.50806451612903 22 0 1905-01-01
-9.4 8.5 0.942857142857143 9 0 1905-02-01
-2.6 17.8 5.70645161290323 0 0 1905-03-01
-5.3 20.5 7.16333333333333 1 0 1905-04-01
3.2 26.5 13.258064516129 0 0 1905-05-01
6.4 31 18.2866666666667 0 1 1905-06-01
11.4 34.5 21.4854838709677 0 8 1905-07-01
7.7 34.2 18.9370967741935 0 4 1905-08-01
5.5 28 15.6033333333333 0 0 1905-09-01
-3 13 4.79354838709677 0 0 1905-10-01
-10.8 17 3.01666666666667 5 0 1905-11-01
-9.9 11.6 0.564516129032258 13 0 1905-12-01
-15.6 9.3 -0.706451612903226 12 0 1906-01-01
-16.2 13 -0.641071428571429 16 0 1906-02-01
-4.8 20.1 4.05806451612903 3 0 1906-03-01
-2.4 25.3 9.78666666666667 0 0 1906-04-01
2.2 25 14.2983870967742 0 0 1906-05-01
7.3 32.3 15.8016666666667 0 2 1906-06-01
7.4 29.5 18.9322580645161 0 0 1906-07-01
5.9 34 18.4193548387097 0 4 1906-08-01
2.2 28.6 13.2016666666667 0 0 1906-09-01
0.4 18.2 9.39032258064516 0 0 1906-10-01
-2.5 21.2 5.93833333333333 0 0 1906-11-01
-13.2 8.6 -2.71129032258065 21 0 1906-12-01
-20.6 6.4 -1.37258064516129 14 0 1907-01-01
-11.7 7.7 -1.6375 21 0 1907-02-01
-5.7 13.6 2.85 4 0 1907-03-01
-1.2 17.4 6.73666666666667 0 0 1907-04-01
0.6 28.6 15.4935483870968 0 0 1907-05-01
6.8 29.8 17 0 0 1907-06-01
7 30.8 16.7177419354839 0 1 1907-07-01
9.3 33.5 18.5629032258065 0 4 1907-08-01
4.6 26.1 14.7966666666667 0 0 1907-09-01
2.1 24.1 12.5951612903226 0 0 1907-10-01
-7.3 14.7 1.98166666666667 10 0 1907-11-01
-9 9.8 0.964516129032258 11 0 1907-12-01
-16.7 9.8 -4.02903225806452 26 0 1908-01-01
-7.3 9.9 1.08103448275862 8 0 1908-02-01
-5.7 15.8 3.55322580645161 3 0 1908-03-01
-1.8 19.4 7.12666666666667 0 0 1908-04-01
5.8 29.6 16.1048387096774 0 0 1908-05-01
7.3 32.4 19.0583333333333 0 5 1908-06-01
9.6 33.3 18.5790322580645 0 2 1908-07-01
8.4 27.6 16.3903225806452 0 0 1908-08-01
5 26.9 12.9833333333333 0 0 1908-09-01
-6.6 23.8 9.43225806451613 4 0 1908-10-01
-8.4 9.8 0.575 11 0 1908-11-01
-11.2 4.2 -1.97096774193548 20 0 1908-12-01
-12.3 8 -2.82741935483871 26 0 1909-01-01
-18.2 6.4 -3.31071428571429 24 0 1909-02-01
-11.3 14.8 1.52741935483871 10 0 1909-03-01
-2.2 22.6 9.29833333333333 1 0 1909-04-01
-0.2 24.4 11.5241935483871 0 0 1909-05-01
7.1 27.3 15.6833333333333 0 0 1909-06-01
8.3 25.4 16.2548387096774 0 0 1909-07-01
8.2 26.3 17.5064516129032 0 0 1909-08-01
5.3 23.5 14.0383333333333 0 0 1909-09-01
-1.2 19.2 10.0435483870968 0 0 1909-10-01
-9.9 8.6 1.7 10 0 1909-11-01
-8.8 7 0.303225806451613 11 0 1909-12-01
-9.8 6.6 -0.120967741935484 13 0 1910-01-01
-9 11.5 0.667857142857143 11 0 1910-02-01
-2.9 13.5 4.5758064516129 1 0 1910-03-01
-2.7 17.4 7.57333333333333 0 0 1910-04-01
2.5 24.8 12.4822580645161 0 0 1910-05-01
8.1 26.4 17.25 0 0 1910-06-01
8.7 27.2 16.5677419354839 0 0 1910-07-01
8.8 25.8 16.8709677419355 0 0 1910-08-01
5.4 19.9 12.6383333333333 0 0 1910-09-01
2.1 19.8 9.45483870967742 0 0 1910-10-01
-12.6 11.7 2.36833333333333 4 0 1910-11-01
-5.4 7.9 1.63709677419355 5 0 1910-12-01
-14.4 4.4 -4.06612903225806 25 0 1911-01-01
-14 10.2 -0.232142857142857 15 0 1911-02-01
-3.2 19.6 4.51451612903226 0 0 1911-03-01
-3.6 20.5 8.26333333333333 2 0 1911-04-01
3.8 23.4 13.1225806451613 0 0 1911-05-01
7.3 25.5 15.9916666666667 0 0 1911-06-01
10.3 32 20.0806451612903 0 4 1911-07-01
11.3 28.8 20.0129032258065 0 0 1911-08-01
7 27.2 15.2066666666667 0 0 1911-09-01
0.8 20.6 8.61451612903226 0 0 1911-10-01
-1.5 12 3.93333333333333 0 0 1911-11-01
-3.6 7.3 1.5741935483871 6 0 1911-12-01
-13 8.2 -3.15483870967742 23 0 1912-01-01
-17.2 13.5 1.27586206896552 8 0 1912-02-01
-1 15.5 6.44516129032258 0 0 1912-03-01
-2.8 19 7.22 0 0 1912-04-01
2 24.4 12.8935483870968 0 0 1912-05-01
9.5 25.4 17.075 0 0 1912-06-01
11.2 27 17.8887096774194 0 0 1912-07-01
7.1 24.7 15.408064516129 0 0 1912-08-01
1 16.6 9.415 0 0 1912-09-01
-1.1 16.1 6.01612903225806 0 0 1912-10-01
-6.6 7.4 0.868333333333333 10 0 1912-11-01
-6.8 11 1.13870967741936 12 0 1912-12-01
-14 5.6 -2.78870967741936 25 0 1913-01-01
-9.4 7 -0.398214285714286 14 0 1913-02-01
-5 20 6.17741935483871 3 0 1913-03-01
-3.2 23.4 8.43333333333333 1 0 1913-04-01
2.4 24.4 12.4951612903226 0 0 1913-05-01
5.9 25.6 15.4933333333333 0 0 1913-06-01
6.3 24 15.141935483871 0 0 1913-07-01
8.8 24.2 15.9758064516129 0 0 1913-08-01
4 23.4 13.2616666666667 0 0 1913-09-01
-2.5 16.8 9.01612903225807 0 0 1913-10-01
-1.7 13 5.68166666666667 0 0 1913-11-01
-7.3 11.2 1.51935483870968 10 0 1913-12-01
-12.6 4.9 -4.6758064516129 27 0 1914-01-01
-10.4 12.5 -0.976785714285714 13 0 1914-02-01
-2.3 14.4 5.23064516129032 0 0 1914-03-01
1 21.4 9.90833333333333 0 0 1914-04-01
0.7 23.8 12.2741935483871 0 0 1914-05-01
4.8 24.6 15.2083333333333 0 0 1914-06-01
10.3 27.4 17.0129032258065 0 0 1914-07-01
8.2 27 17.608064516129 0 0 1914-08-01
2.6 24.8 13.2016666666667 0 0 1914-09-01
-0.6 18.4 8.14838709677419 0 0 1914-10-01
-9.3 16 3.125 9 0 1914-11-01
-6.6 7.4 0.456451612903226 12 0 1914-12-01
-10 9.5 -0.1 12 0 1915-01-01
-13.6 6.6 -0.208928571428571 11 0 1915-02-01
-6.9 12.4 2.46612903225806 5 0 1915-03-01
-1.6 18.2 7.89666666666667 0 0 1915-04-01
4.5 24 14.4290322580645 0 0 1915-05-01
7.9 29 18.21 0 0 1915-06-01
9.2 27.2 17.5725806451613 0 0 1915-07-01
9.6 25.1 16.2983870967742 0 0 1915-08-01
1.7 21 12.1833333333333 0 0 1915-09-01
-0.3 13.2 6.48870967741936 0 0 1915-10-01
-14.2 11 0.586666666666667 11 0 1915-11-01
-7.9 13.7 3.05161290322581 11 0 1915-12-01
-2.4 12 3.6241935483871 1 0 1916-01-01
-7.8 9.8 0.975862068965517 8 0 1916-02-01
-2.1 16.3 6.4 0 0 1916-03-01
1.4 19.4 8.65 0 0 1916-04-01
4 24.3 13.9403225806452 0 0 1916-05-01
4.8 26 14.4916666666667 0 0 1916-06-01
11.1 26 17.458064516129 0 0 1916-07-01
8.6 25.7 17.0241935483871 0 0 1916-08-01
3 21.4 12.2833333333333 0 0 1916-09-01
0.5 19.9 8.58709677419355 0 0 1916-10-01
-5.4 13.4 4.595 4 0 1916-11-01
-6 14 2.36774193548387 4 0 1916-12-01
-13.2 10 -2.25161290322581 20 0 1917-01-01
-18 6.2 -4.13928571428571 21 0 1917-02-01
-10 14 1.48387096774194 9 0 1917-03-01
-2.2 18.9 4.94166666666667 0 0 1917-04-01
4.2 25.4 15 0 0 1917-05-01
9.3 30.8 18.5583333333333 0 1 1917-06-01
10.7 29.2 18.9693548387097 0 0 1917-07-01
8.3 29.4 18.4048387096774 0 0 1917-08-01
7.6 25.6 16.21 0 0 1917-09-01
1.1 20.6 8.59354838709677 0 0 1917-10-01
-3.6 13 3.95333333333333 1 0 1917-11-01
-11 5 -2.68548387096774 28 0 1917-12-01
-10 10.8 -1.30483870967742 22 0 1918-01-01
-8 10.2 0.698214285714286 13 0 1918-02-01
-5.2 16.3 5.25 2 0 1918-03-01
1.8 19.5 10.5683333333333 0 0 1918-04-01
5.8 26 14.1693548387097 0 0 1918-05-01
3 25.4 14.4633333333333 0 0 1918-06-01
7.8 29 17.4516129032258 0 0 1918-07-01
8.8 29 17.1016129032258 0 0 1918-08-01
5.5 24.3 14.6083333333333 0 0 1918-09-01
1.1 16.6 8.71612903225807 0 0 1918-10-01
-5.4 12.9 2.85833333333333 11 0 1918-11-01
-7.6 11.5 3.05806451612903 5 0 1918-12-01
-5.8 14.6 1.58064516129032 10 0 1919-01-01
-17.6 10.2 -1.43214285714286 16 0 1919-02-01
-5.3 13.5 4.23709677419355 1 0 1919-03-01
-1.4 17.7 6.39 0 0 1919-04-01
1.3 21 10.741935483871 0 0 1919-05-01
7.8 27.2 15.9133333333333 0 0 1919-06-01
9.5 24.2 15.5790322580645 0 0 1919-07-01
8.4 29.6 17.9354838709677 0 0 1919-08-01
3 24.9 15.745 0 0 1919-09-01
-0.9 21.3 7.1758064516129 0 0 1919-10-01
-7.5 12 1.745 9 0 1919-11-01
-6.6 9 0.901612903225806 10 0 1919-12-01
-5.4 14 2.4258064516129 8 0 1920-01-01
-6 10.8 2.25862068965517 7 0 1920-02-01
-1.2 18.2 6.6241935483871 0 0 1920-03-01
2 24.2 10.9983333333333 0 0 1920-04-01
1.8 26.2 15.3661290322581 0 0 1920-05-01
7.4 25.4 15.5716666666667 0 0 1920-06-01
10.2 29.4 18.5338709677419 0 0 1920-07-01
8.4 26.2 16.3693548387097 0 0 1920-08-01
5.6 24.9 14.3266666666667 0 0 1920-09-01
-7.4 18 7.66290322580645 3 0 1920-10-01
-6.7 13.2 0.373333333333333 11 0 1920-11-01
-10 12.1 0.42741935483871 13 0 1920-12-01
-4.6 11.4 4.06935483870968 1 0 1921-01-01
-8 5.3 0.467857142857143 8 0 1921-02-01
-4.6 19 5.96290322580645 1 0 1921-03-01
0.2 18.7 7.97833333333333 0 0 1921-04-01
2.1 25.2 14.9887096774194 0 0 1921-05-01
6.4 27.4 15.4516666666667 0 0 1921-06-01
9.4 31.3 19.7354838709677 0 2 1921-07-01
9.8 30.2 18.8516129032258 0 1 1921-08-01
1.2 25.4 14.3483333333333 0 0 1921-09-01
-1 20.7 10.5741935483871 0 0 1921-10-01
-7.6 13.6 0.445 14 0 1921-11-01
-10 11.7 -0.3 17 0 1921-12-01
-16 8 -3.04354838709677 25 0 1922-01-01
-18.4 12 -1.74107142857143 14 0 1922-02-01
-1.8 16.4 5.48709677419355 0 0 1922-03-01
-2 20.5 7.125 0 0 1922-04-01
2.5 25.5 13.8693548387097 0 0 1922-05-01
9 25.8 16.91 0 0 1922-06-01
8.1 30 16.9661290322581 0 0 1922-07-01
9.3 26.4 17.0774193548387 0 0 1922-08-01
5.6 20.6 12.325 0 0 1922-09-01
-1.2 18.2 6.52903225806452 0 0 1922-10-01
-6 8.8 1.97166666666667 3 0 1922-11-01
-8.7 5.2 0.187096774193548 10 0 1922-12-01
-9.5 6 -0.158064516129032 15 0 1923-01-01
-7.8 8.2 0.925 11 0 1923-02-01
-0.8 15.5 4.90161290322581 0 0 1923-03-01
-2.1 20.2 7.51666666666667 0 0 1923-04-01
2.6 25.8 14.1645161290323 0 0 1923-05-01
4.8 23.6 13.1816666666667 0 0 1923-06-01
10.8 29.8 19.308064516129 0 0 1923-07-01
8.5 28.3 17.908064516129 0 0 1923-08-01
2.4 24.2 14.3316666666667 0 0 1923-09-01
0.6 20.4 11.1741935483871 0 0 1923-10-01
-4.4 14 3.80666666666667 4 0 1923-11-01
-16.8 6.4 -1.38709677419355 17 0 1923-12-01
-14 5 -3.76129032258065 27 0 1924-01-01
-12.2 4 -3.00689655172414 24 0 1924-02-01
-10 14.2 1.99677419354839 12 0 1924-03-01
-1 19.2 7.78333333333333 0 0 1924-04-01
5.2 25.8 14.7516129032258 0 0 1924-05-01
8 26 16.025 0 0 1924-06-01
10.2 28.4 17.8887096774194 0 0 1924-07-01
6.6 25 15.3629032258065 0 0 1924-08-01
4 23.6 14.81 0 0 1924-09-01
0.6 17.4 8.9741935483871 0 0 1924-10-01
-5.4 17.1 2.75333333333333 8 0 1924-11-01
-8.2 8 -1.70322580645161 20 0 1924-12-01
-5.2 10.6 0.129032258064516 15 0 1925-01-01
-5.9 15.8 2.64642857142857 4 0 1925-02-01
-13.8 14.2 1.95967741935484 8 0 1925-03-01
-0.7 18 8.98333333333333 0 0 1925-04-01
2.6 22.4 13.7290322580645 0 0 1925-05-01
7.8 26.3 15.505 0 0 1925-06-01
10.6 27 17.9629032258065 0 0 1925-07-01
9.4 28.2 17.4193548387097 0 0 1925-08-01
2 22 12.4983333333333 0 0 1925-09-01
0.8 19.8 8.58709677419355 0 0 1925-10-01
-9 18.6 2.53333333333333 9 0 1925-11-01
-19.2 11.4 -1.62096774193548 17 0 1925-12-01
-14.7 7.4 -1.30806451612903 17 0 1926-01-01
-1.9 10.2 3.4 1 0 1926-02-01
-3 18.2 4.52903225806452 3 0 1926-03-01
-1.4 23.6 10.13 0 0 1926-04-01
0.6 23.8 12.4870967741935 0 0 1926-05-01
7.4 24.3 14.4083333333333 0 0 1926-06-01
10 27.4 17.5451612903226 0 0 1926-07-01
8.6 25.6 16.7854838709677 0 0 1926-08-01
5.1 25.8 15.7033333333333 0 0 1926-09-01
-2.2 20.5 9.34516129032258 0 0 1926-10-01
-3.1 20.9 6.83666666666667 1 0 1926-11-01
-10.8 5 -0.0209677419354839 8 0 1926-12-01
-7 6.6 0.704838709677419 10 0 1927-01-01
-10.2 11.2 -0.114285714285714 14 0 1927-02-01
-1 15.8 5.98064516129032 0 0 1927-03-01
1 21.6 8.66833333333333 0 0 1927-04-01
2 25.1 12.9983870967742 0 0 1927-05-01
6.7 29.4 17.0616666666667 0 0 1927-06-01
10.8 28.5 18.6967741935484 0 0 1927-07-01
8.6 27.7 17.8693548387097 0 0 1927-08-01
5.2 23.6 14.7566666666667 0 0 1927-09-01
1.7 17.1 8.73709677419355 0 0 1927-10-01
-5.1 15.2 3.73166666666667 6 0 1927-11-01
-19 5.9 -3.35806451612903 26 0 1927-12-01
-10.8 8.3 0.75 8 0 1928-01-01
-7 10.6 1.73965517241379 5 0 1928-02-01
-6.2 16.3 3.49516129032258 7 0 1928-03-01
-0.2 25 9.185 0 0 1928-04-01
0.6 20.8 10.6322580645161 0 0 1928-05-01
3 27.4 15.7333333333333 0 0 1928-06-01
12 30.4 20.5612903225806 0 1 1928-07-01
10.8 29 18.6758064516129 0 0 1928-08-01
1.6 25.4 14.0933333333333 0 0 1928-09-01
-2 23.4 9.46774193548387 0 0 1928-10-01
1.4 20.5 6.92833333333333 0 0 1928-11-01
-14 5.6 -1.68709677419355 16 0 1928-12-01
-17.6 2.4 -5.75483870967742 30 0 1929-01-01
-24.2 3.4 -10.1017857142857 27 0 1929-02-01
-15.8 11.8 1.73709677419355 7 0 1929-03-01
-6.5 20.6 5.97 4 0 1929-04-01
6.9 25.7 14.0677419354839 0 0 1929-05-01
7.8 24.8 16.3983333333333 0 0 1929-06-01
9.3 29.8 18.9516129032258 0 0 1929-07-01
10.2 26.6 18.2677419354839 0 0 1929-08-01
4.6 27.7 16.2116666666667 0 0 1929-09-01
-1.9 21.7 10.2370967741935 0 0 1929-10-01
-2.2 10.3 4.665 0 0 1929-11-01
-6.5 11 2.48387096774194 8 0 1929-12-01
-5 6.5 -0.482258064516129 17 0 1930-01-01
-15.6 5.8 -2.81964285714286 22 0 1930-02-01
-1.6 16.8 5.40322580645161 0 0 1930-03-01
0.7 22 9.39166666666667 0 0 1930-04-01
2.8 24.8 12.6516129032258 0 0 1930-05-01
10.2 28 19.0033333333333 0 0 1930-06-01
10.9 31 18.5274193548387 0 1 1930-07-01
8.8 25.8 17 0 0 1930-08-01
6 24.6 14.785 0 0 1930-09-01
2 16 8.54838709677419 0 0 1930-10-01
-1.6 15 5.60333333333333 1 0 1930-11-01
-11 8 -0.42258064516129 15 0 1930-12-01
-12.7 5.5 -0.633870967741936 12 0 1931-01-01
-16.3 9.1 -0.975 16 0 1931-02-01
-9.9 12.8 0.664516129032258 15 0 1931-03-01
-5 16.8 6.56833333333333 1 0 1931-04-01
3.5 27.6 16.0774193548387 0 0 1931-05-01
9.4 27.8 18.1783333333333 0 0 1931-06-01
8.7 28.5 18.3193548387097 0 0 1931-07-01
9.3 27.6 16.9467741935484 0 0 1931-08-01
2.8 24 11.06 0 0 1931-09-01
-0.3 16.7 7.59193548387097 0 0 1931-10-01
-4 15.8 3.28166666666667 1 0 1931-11-01
-14.8 11.3 -1.18064516129032 17 0 1931-12-01
-16.2 8.2 -0.52258064516129 20 0 1932-01-01
-14.2 4.2 -3.86896551724138 22 0 1932-02-01
-7.3 13.2 0.530645161290323 14 0 1932-03-01
0.6 19.8 8.32 0 0 1932-04-01
3.7 26.2 13.5338709677419 0 0 1932-05-01
7.2 23.6 15.0283333333333 0 0 1932-06-01
11.5 27.4 19.0145161290323 0 0 1932-07-01
11.4 28.6 19.7016129032258 0 0 1932-08-01
8.6 26 17.8633333333333 0 0 1932-09-01
2.2 20 10.0516129032258 0 0 1932-10-01
-3.6 12 3.935 6 0 1932-11-01
-6 7.4 -0.943548387096774 24 0 1932-12-01
-13.6 2.6 -4.61612903225806 26 0 1933-01-01
-11.4 9.6 0.00357142857142863 16 0 1933-02-01
-9.7 16.2 4.23064516129032 3 0 1933-03-01
0.8 18.4 7.835 0 0 1933-04-01
4.4 23 12.0177419354839 0 0 1933-05-01
6.2 22.4 14.4433333333333 0 0 1933-06-01
9.1 29 18.0709677419355 0 0 1933-07-01
8.6 29 18.1193548387097 0 0 1933-08-01
5.8 21.8 14.1916666666667 0 0 1933-09-01
-0.8 19.4 9.30806451612903 0 0 1933-10-01
-3.1 11 3.26833333333333 3 0 1933-11-01
-15.8 2.4 -4.75161290322581 26 0 1933-12-01
-10.2 7.4 -1.19516129032258 20 0 1934-01-01
-15.4 12.4 -0.523214285714286 11 0 1934-02-01
-2.8 15.2 5.49032258064516 0 0 1934-03-01
-1.8 24 10.9983333333333 0 0 1934-04-01
4.5 23.6 15.1 0 0 1934-05-01
7.3 28 16.4433333333333 0 0 1934-06-01
9.2 29.4 19.341935483871 0 0 1934-07-01
9.2 29.2 17.8935483870968 0 0 1934-08-01
7.8 22.4 16.2566666666667 0 0 1934-09-01
-0.6 21 9.4758064516129 0 0 1934-10-01
-3.7 16.2 4.51333333333333 1 0 1934-11-01
-3.1 10 4.43387096774194 1 0 1934-12-01
-15.6 5.6 -2.29032258064516 19 0 1935-01-01
-12.8 10.6 0.594642857142857 7 0 1935-02-01
-9.7 15.2 2.26935483870968 10 0 1935-03-01
-2.2 21.2 8.02166666666667 0 0 1935-04-01
-1.5 22.2 11.4967741935484 0 0 1935-05-01
8 31.2 18.1266666666667 0 2 1935-06-01
9 28.8 18.8596774193548 0 0 1935-07-01
6.6 28.6 17.6564516129032 0 0 1935-08-01
2.6 25.2 14.8083333333333 0 0 1935-09-01
1.7 19.4 10.2758064516129 0 0 1935-10-01
-1.2 15.4 4.47166666666667 0 0 1935-11-01
-9.7 7.8 -0.754838709677419 20 0 1935-12-01
-7.8 9.8 0.269354838709677 13 0 1936-01-01
-14.7 9 -0.0827586206896552 12 0 1936-02-01
-3 16.4 6.08548387096774 0 0 1936-03-01
-0.4 19.4 8.90333333333333 0 0 1936-04-01
5.4 22.4 13.741935483871 0 0 1936-05-01
6.6 27.2 16.4283333333333 0 0 1936-06-01
10.2 28.4 18.4935483870968 0 0 1936-07-01
8 24.2 16.7548387096774 0 0 1936-08-01
2.4 24.8 14.235 0 0 1936-09-01
1.2 14.8 6.48064516129032 0 0 1936-10-01
-4 10.4 2.985 6 0 1936-11-01
-8.8 10.6 0.25 12 0 1936-12-01
-9.6 8.4 -2.75967741935484 24 0 1937-01-01
-9.4 8.8 0.907142857142857 7 0 1937-02-01
-3.2 15.8 4.74032258064516 1 0 1937-03-01
2.6 16.2 8.6 0 0 1937-04-01
5.7 27.2 15.4258064516129 0 0 1937-05-01
9.1 29.4 18.2916666666667 0 0 1937-06-01
11.2 26.8 18.5112903225806 0 0 1937-07-01
11.2 27.4 18.0290322580645 0 0 1937-08-01
5 24.8 14.3883333333333 0 0 1937-09-01
2.4 17.8 9.59032258064516 0 0 1937-10-01
-3 13.8 3.81666666666667 2 0 1937-11-01
-13.2 5.4 -1.01129032258065 16 0 1937-12-01
-10.2 8.6 0.333870967741935 11 0 1938-01-01
-7 7.8 0.675 9 0 1938-02-01
-3.2 16.6 7.30645161290323 0 0 1938-03-01
-3.4 19.4 5.48333333333333 0 0 1938-04-01
-0.5 23.6 11.5032258064516 0 0 1938-05-01
7.1 27.6 17.555 0 0 1938-06-01
9.3 28.8 18.5451612903226 0 0 1938-07-01
10.2 28.4 18.1532258064516 0 0 1938-08-01
3.2 21.4 13.9983333333333 0 0 1938-09-01
-0.6 21 10.1661290322581 0 0 1938-10-01
-1.4 14.2 5.65666666666667 0 0 1938-11-01
-17.7 7.4 -2.36935483870968 19 0 1938-12-01
-14.5 5.2 -1.07096774193548 18 0 1939-01-01
-13.2 9.2 -0.196428571428571 13 0 1939-02-01
-6.8 11.8 1.7741935483871 7 0 1939-03-01
1.2 21.6 10.875 0 0 1939-04-01
5.5 21.5 11.9096774193548 0 0 1939-05-01
8.8 27.2 16.6316666666667 0 0 1939-06-01
9 30 17.8758064516129 0 0 1939-07-01
9.8 29.6 18.2467741935484 0 0 1939-08-01
0 25.4 14.0616666666667 0 0 1939-09-01
-0.8 17.8 7.37096774193548 0 0 1939-10-01
-4.8 14 4.96333333333333 3 0 1939-11-01
-22.6 12.8 -3.42258064516129 25 0 1939-12-01
-20 -2.4 -9.70483870967742 31 0 1940-01-01
-18.2 6 -5.39655172413793 25 0 1940-02-01
-12.4 13.8 2.23225806451613 8 0 1940-03-01
-2.2 24 8.75166666666667 0 0 1940-04-01
4 25.5 12.1790322580645 0 0 1940-05-01
9.1 25.4 16.6266666666667 0 0 1940-06-01
9.9 29 17.391935483871 0 0 1940-07-01
7.9 27 15.8774193548387 0 0 1940-08-01
6.5 25 14.34 0 0 1940-09-01
-0.6 19.6 9.13387096774194 0 0 1940-10-01
-2.2 17.2 4.69666666666667 0 0 1940-11-01
-20 5.3 -4.51290322580645 22 0 1940-12-01
-15.5 4.8 -5.6241935483871 26 0 1941-01-01
-13.3 6.5 -0.8125 15 0 1941-02-01
-4.6 13 3.89677419354839 2 0 1941-03-01
-2.2 23 7.11666666666667 1 0 1941-04-01
-0.7 23.4 10.2870967741935 0 0 1941-05-01
6.6 28 16.805 0 0 1941-06-01
10.4 28.5 18.4322580645161 0 0 1941-07-01
8 26.3 16.7193548387097 0 0 1941-08-01
3.6 23.4 12.675 0 0 1941-09-01
-1.8 19.2 8.95161290322581 0 0 1941-10-01
-7.8 9 0.741666666666667 11 0 1941-11-01
-14.6 11.5 0.293548387096774 14 0 1941-12-01
-25.6 1.8 -9.59354838709677 29 0 1942-01-01
-14.3 3.8 -4.85357142857143 24 0 1942-02-01
-7.6 13.2 2.04032258064516 4 0 1942-03-01
0.6 15 7.45833333333333 0 0 1942-04-01
-0.8 25.5 13.4483870967742 0 0 1942-05-01
7.1 26 15.8683333333333 0 0 1942-06-01
10.1 28 17.4596774193548 0 0 1942-07-01
8.5 27.2 18.3370967741935 0 0 1942-08-01
6.8 27.2 17.5083333333333 0 0 1942-09-01
4.5 22.2 12.1 0 0 1942-10-01
-12 13.2 3.06833333333333 5 0 1942-11-01
-10.2 6.8 0.00967741935483874 15 0 1942-12-01
-17 4.8 -3.68064516129032 25 0 1943-01-01
-5 10.5 2.44464285714286 3 0 1943-02-01
-3.4 17 6.23387096774194 0 0 1943-03-01
-0.1 22.2 9.80333333333333 0 0 1943-04-01
3.2 23 12.3354838709677 0 0 1943-05-01
7.4 24 15.44 0 0 1943-06-01
8.8 28 17.9822580645161 0 0 1943-07-01
10.5 32.5 19.5532258064516 0 4 1943-08-01
6.3 24.4 15.255 0 0 1943-09-01
2.9 18.6 10.6822580645161 0 0 1943-10-01
-3 14.5 3.045 1 0 1943-11-01
-4.6 3.6 -0.0161290322580646 17 0 1943-12-01
-5.3 7.4 2.2258064516129 6 0 1944-01-01
-13.2 10 -1.78103448275862 19 0 1944-02-01
-2.6 8 1.17741935483871 6 0 1944-03-01
-3 21 8.885 0 0 1944-04-01
2.3 27.5 12.1241935483871 0 0 1944-05-01
6.4 24.2 15.4283333333333 0 0 1944-06-01
10.5 28 17.7758064516129 0 0 1944-07-01
11.6 29.5 20.2016129032258 0 0 1944-08-01
5.7 25 14.1783333333333 0 0 1944-09-01
0.8 20 9.08064516129032 0 0 1944-10-01
-2.8 11.4 3.79166666666667 2 0 1944-11-01
-11.5 9.6 -1.98709677419355 19 0 1944-12-01
-17 2.2 -6.38548387096774 31 0 1945-01-01
-5.3 10.2 2.83214285714286 4 0 1945-02-01
-3.3 16.8 5.98064516129032 2 0 1945-03-01
-0.4 20 9.355 0 0 1945-04-01
-1.2 28 15.0467741935484 0 0 1945-05-01
6.4 28 17.92 0 0 1945-06-01
10.2 31.2 19.3145161290323 0 1 1945-07-01
12 27 18.0048387096774 0 0 1945-08-01
7 23 14.47 0 0 1945-09-01
2 18 9.18225806451613 0 0 1945-10-01
-4 19 3.30833333333333 4 0 1945-11-01
-9.2 10.5 0.366129032258064 12 0 1945-12-01
-13.5 10.8 -3.94516129032258 26 0 1946-01-01
-4.9 11.2 2.24107142857143 3 0 1946-02-01
-3.6 17 5.18709677419355 0 0 1946-03-01
0.4 23 11.0466666666667 0 0 1946-04-01
4.4 25 15.9370967741935 0 0 1946-05-01
7.3 29 16.5533333333333 0 0 1946-06-01
12.2 32 19.7193548387097 0 2 1946-07-01
10 29 18.4145161290323 0 0 1946-08-01
6.4 26 15.265 0 0 1946-09-01
-4.2 19.2 6.78225806451613 1 0 1946-10-01
-4.3 11.8 2.44666666666667 4 0 1946-11-01
-14.8 8 -3.10806451612903 20 0 1946-12-01
-22.2 3.8 -7.09032258064516 26 0 1947-01-01
-15.7 3.4 -5.47857142857143 28 0 1947-02-01
-11.2 18.2 3.71935483870968 6 0 1947-03-01
-1 24 10.795 0 0 1947-04-01
5 26 15.1064516129032 0 0 1947-05-01
8.7 30.2 17.8933333333333 0 2 1947-06-01
11.2 30.6 19.658064516129 0 1 1947-07-01
7.1 31.1 19.041935483871 0 2 1947-08-01
6.8 28.9 17.5633333333333 0 0 1947-09-01
-3 19.5 7.69193548387097 1 0 1947-10-01
-4.5 14.2 5.33666666666667 2 0 1947-11-01
-7.8 12 0.980645161290323 10 0 1947-12-01
-9.4 12.4 2.14032258064516 7 0 1948-01-01
-15.8 12.4 0.212068965517241 14 0 1948-02-01
-4.7 14.6 4.85161290322581 3 0 1948-03-01
0.8 21.4 10.1083333333333 0 0 1948-04-01
4 24.2 15.2516129032258 0 0 1948-05-01
6.3 25 15.4366666666667 0 0 1948-06-01
8.8 27 16.1516129032258 0 0 1948-07-01
7.6 27.5 17.4741935483871 0 0 1948-08-01
4.6 23 14.445 0 0 1948-09-01
1.2 20.3 8.91612903225806 0 0 1948-10-01
-5.2 15 3.42666666666667 5 0 1948-11-01
-11.1 3.7 -2.41129032258065 25 0 1948-12-01
-9.4 8.6 -0.561290322580645 18 0 1949-01-01
-15.1 10.6 0.228571428571429 10 0 1949-02-01
-12.2 16.8 2.16774193548387 10 0 1949-03-01
-0.5 20.8 10.7766666666667 0 0 1949-04-01
3 24.8 13.1661290322581 0 0 1949-05-01
6 25.7 15.17 0 0 1949-06-01
9.1 28.2 17.9016129032258 0 0 1949-07-01
7.9 28.7 16.9370967741935 0 0 1949-08-01
7.7 24.7 15.8583333333333 0 0 1949-09-01
-1 18 9.91612903225806 0 0 1949-10-01
-1.3 11.2 4.11166666666667 0 0 1949-11-01
-9.4 12.3 2.03709677419355 6 0 1949-12-01
-14.5 6.6 -2.28064516129032 17 0 1950-01-01
-9 13.2 1.43214285714286 8 0 1950-02-01
-4 16 5.93709677419355 3 0 1950-03-01
0 22.3 8.70666666666667 0 0 1950-04-01
4.3 28.6 15.0870967741935 0 0 1950-05-01
8.9 32.4 18.7416666666667 0 1 1950-06-01
11.7 33.3 20.2596774193548 0 3 1950-07-01
10.6 30.9 18.4935483870968 0 1 1950-08-01
5.7 24 14.4216666666667 0 0 1950-09-01
-3.1 16.5 7.59516129032258 0 0 1950-10-01
-2.3 11.2 3.36833333333333 1 0 1950-11-01
-10.7 6.9 -1.4758064516129 20 0 1950-12-01
-7.6 5.1 -0.353225806451613 15 0 1951-01-01
-4.5 10 1.66071428571429 3 0 1951-02-01
-7.4 13.9 3.39516129032258 6 0 1951-03-01
-1.1 21.6 8.36833333333333 0 0 1951-04-01
3.7 23 12.7774193548387 0 0 1951-05-01
8.6 27 16.4333333333333 0 0 1951-06-01
9.7 29 18.1129032258065 0 0 1951-07-01
9.8 27 18.5854838709677 0 0 1951-08-01
3.8 26 15.4366666666667 0 0 1951-09-01
-1.2 15.8 7.95483870967742 0 0 1951-10-01
-0.2 17 6.18333333333333 0 0 1951-11-01
-5.7 7.8 0.869354838709677 12 0 1951-12-01
-12.6 8.7 -0.556451612903226 17 0 1952-01-01
-7.1 5.7 -0.331034482758621 18 0 1952-02-01
-12 14.1 1.75483870967742 8 0 1952-03-01
-2.7 21.5 10.9316666666667 0 0 1952-04-01
1.6 22.3 12.6806451612903 0 0 1952-05-01
8.7 26.1 16.585 0 0 1952-06-01
9.8 29.8 19.7258064516129 0 0 1952-07-01
8.6 31.1 19.2096774193548 0 2 1952-08-01
0.8 21.8 11.775 0 0 1952-09-01
-0.9 15.8 7.93548387096774 0 0 1952-10-01
-4.6 11.1 2.34333333333333 5 0 1952-11-01
-6.8 4 -1.25806451612903 20 0 1952-12-01
-14.9 7 -1.58064516129032 25 0 1953-01-01
-17.6 7.9 -0.7 16 0 1953-02-01
-6.5 19.4 5.06290322580645 3 0 1953-03-01
1.5 19.8 9.71166666666667 0 0 1953-04-01
0.5 25.8 12.7693548387097 0 0 1953-05-01
3.8 26.4 16.3333333333333 0 0 1953-06-01
8.8 28.4 18.8758064516129 0 0 1953-07-01
8.6 26 16.6951612903226 0 0 1953-08-01
4.1 25.4 14.4816666666667 0 0 1953-09-01
-0.5 20.7 10.8870967741935 0 0 1953-10-01
-8 10.2 2.24166666666667 7 0 1953-11-01
-5.3 10.3 0.0596774193548387 15 0 1953-12-01
-16.5 6.8 -4.59516129032258 24 0 1954-01-01
-17.6 4.1 -5.89821428571429 26 0 1954-02-01
-4.7 17.1 4.59677419354839 3 0 1954-03-01
-0.9 15.2 6.52666666666667 0 0 1954-04-01
4.4 23.1 11.7903225806452 0 0 1954-05-01
7.3 26.3 17.01 0 0 1954-06-01
7.4 25.3 15.6145161290323 0 0 1954-07-01
9.4 26.5 16.9693548387097 0 0 1954-08-01
2.5 24.4 15.09 0 0 1954-09-01
-0.2 19.3 8.74516129032258 0 0 1954-10-01
-7.7 12.1 2.51833333333333 7 0 1954-11-01
-4.2 9.2 2.5758064516129 6 0 1954-12-01
-16.9 6.1 -2.97258064516129 25 0 1955-01-01
-7.4 6.2 -1.2125 18 0 1955-02-01
-13.7 20.1 1.39354838709677 12 0 1955-03-01
-3.5 23.4 6.88666666666667 0 0 1955-04-01
2.1 23.2 11.9903225806452 0 0 1955-05-01
5.5 24.4 15.5216666666667 0 0 1955-06-01
10.3 27.4 17.8467741935484 0 0 1955-07-01
9.6 24.3 17.1209677419355 0 0 1955-08-01
5.3 24.2 13.7733333333333 0 0 1955-09-01
-3.5 16.3 8.21935483870968 0 0 1955-10-01
-5.2 10.4 2.89833333333333 5 0 1955-11-01
-4.9 10.4 2.28709677419355 6 0 1955-12-01
-15.5 8.2 -0.337096774193548 14 0 1956-01-01
-23 4 -9.54655172413793 28 0 1956-02-01
-9.7 16.3 1.98870967741935 10 0 1956-03-01
-3 20.6 7.56833333333333 0 0 1956-04-01
2.4 23.3 13.2516129032258 0 0 1956-05-01
4.5 25.2 14.3766666666667 0 0 1956-06-01
11.5 26.5 17.9532258064516 0 0 1956-07-01
9.4 24.4 16.6693548387097 0 0 1956-08-01
4.6 24.1 14.845 0 0 1956-09-01
-0.2 21.1 8.54516129032258 0 0 1956-10-01
-7.3 9 1.57333333333333 6 0 1956-11-01
-11.2 9.2 -0.0774193548387098 15 0 1956-12-01
-18 9.2 -2.36129032258065 18 0 1957-01-01
-3.2 10.2 2.99285714285714 1 0 1957-02-01
-5.1 18 6.49677419354839 3 0 1957-03-01
-0.1 21.2 8.065 0 0 1957-04-01
-1 21.3 10.3225806451613 0 0 1957-05-01
8.2 28.3 17.87 0 0 1957-06-01
10.3 33 18.4483870967742 0 5 1957-07-01
6.2 26.3 16.2725806451613 0 0 1957-08-01
6 24 13.0616666666667 0 0 1957-09-01
0 16.3 8.04838709677419 0 0 1957-10-01
-4.2 12.9 4.05 1 0 1957-11-01
-7 12.2 0.148387096774194 15 0 1957-12-01
-11.5 7.3 -1.63225806451613 17 0 1958-01-01
-10.2 12 1.08571428571429 14 0 1958-02-01
-10.3 12.8 -0.703225806451613 19 0 1958-03-01
-3.6 15.7 6.32833333333333 0 0 1958-04-01
2.7 26.3 15.8870967741935 0 0 1958-05-01
7.8 25.3 15.6 0 0 1958-06-01
8.7 29.4 18.5209677419355 0 0 1958-07-01
8.7 28.2 17.8661290322581 0 0 1958-08-01
3.2 24 14.81 0 0 1958-09-01
1.2 21.6 9.18709677419355 0 0 1958-10-01
-1.6 11.3 4.79666666666667 0 0 1958-11-01
-9.3 8.8 0.303225806451613 12 0 1958-12-01
-13.5 6.5 -1.46290322580645 22 0 1959-01-01
-13 8.9 -2.02678571428571 18 0 1959-02-01
-2.7 17.1 5.79032258064516 0 0 1959-03-01
-0.3 19.9 9.80833333333333 0 0 1959-04-01
2.6 23 13.3435483870968 0 0 1959-05-01
8.7 25.5 16.175 0 0 1959-06-01
11.8 29.3 19.0741935483871 0 0 1959-07-01
8.1 26.4 17.5548387096774 0 0 1959-08-01
1.9 23.1 13.445 0 0 1959-09-01
-1.4 18.6 8.28548387096774 0 0 1959-10-01
-4.3 14.6 3.115 6 0 1959-11-01
-8.9 14.5 1.8 8 0 1959-12-01
-17.8 9.4 -2.43709677419355 19 0 1960-01-01
-14.4 13.5 -1.13448275862069 12 0 1960-02-01
-4.8 14 4.55645161290323 1 0 1960-03-01
0.4 19 8.84833333333333 0 0 1960-04-01
1.4 25.2 13.4322580645161 0 0 1960-05-01
8.3 26.8 16.6816666666667 0 0 1960-06-01
8.3 26 16.3645161290323 0 0 1960-07-01
7.4 26.7 16.8661290322581 0 0 1960-08-01
3.5 24.4 13.5 0 0 1960-09-01
0.4 21.2 9.39193548387097 0 0 1960-10-01
-1.3 15 5.25 0 0 1960-11-01
-9.2 10 0.258064516129032 13 0 1960-12-01
-12.6 8.2 -3.29354838709677 27 0 1961-01-01
-3.8 10 2.725 1 0 1961-02-01
-1.6 18.8 6.48387096774194 0 0 1961-03-01
4.6 22 12.3333333333333 0 0 1961-04-01
4.7 20.5 11.5322580645161 0 0 1961-05-01
10.6 27.5 17.6966666666667 0 0 1961-06-01
7.2 28.5 17.0548387096774 0 0 1961-07-01
8.2 28 17.6209677419355 0 0 1961-08-01
7.7 25.9 16.4816666666667 0 0 1961-09-01
0.2 22 10.1806451612903 0 0 1961-10-01
-6 15.2 3.12 5 0 1961-11-01
-20 13 -2.51935483870968 20 0 1961-12-01
-11.4 8.3 -0.754838709677419 16 0 1962-01-01
-12.2 10.2 -0.0642857142857143 13 0 1962-02-01
-9.8 16.6 0.620967741935484 12 0 1962-03-01
-0.8 24.2 9.77333333333333 0 0 1962-04-01
0.2 24.3 11.0435483870968 0 0 1962-05-01
2.2 29 14.9466666666667 0 0 1962-06-01
7.6 28.5 16.4645161290323 0 0 1962-07-01
9.2 29 18.6306451612903 0 0 1962-08-01
2 28 13.46 0 0 1962-09-01
-0.2 18.7 8.59516129032258 0 0 1962-10-01
-4.4 15.6 3.01166666666667 9 0 1962-11-01
-19.2 6.8 -5.93225806451613 25 0 1962-12-01
-20.8 3 -7.23548387096774 30 0 1963-01-01
-19.8 2.2 -6.24107142857143 28 0 1963-02-01
-17.6 10.7 1.4741935483871 8 0 1963-03-01
-1.6 19.4 9.92666666666667 0 0 1963-04-01
3.5 22.4 12.5193548387097 0 0 1963-05-01
7.8 28.8 16.92 0 0 1963-06-01
10.8 29.5 18.8145161290323 0 0 1963-07-01
9.4 28.5 17.4983870967742 0 0 1963-08-01
6.6 24 15.0666666666667 0 0 1963-09-01
-1.2 16.5 8.40967741935484 0 0 1963-10-01
-1.1 16 7.02333333333333 0 0 1963-11-01
-17.4 3.5 -4.39032258064516 27 0 1963-12-01
-15.6 2 -6.13387096774194 30 0 1964-01-01
-10.6 6.3 -0.596551724137931 15 0 1964-02-01
-12.7 9 0.0854838709677419 14 0 1964-03-01
-2.4 23 9.53333333333333 0 0 1964-04-01
4.5 23.8 13.3548387096774 0 0 1964-05-01
9.7 27.4 17.4933333333333 0 0 1964-06-01
8 28.8 18.291935483871 0 0 1964-07-01
7.4 27.7 16.8161290322581 0 0 1964-08-01
3.7 24 14.0833333333333 0 0 1964-09-01
1 17.6 7.71290322580645 0 0 1964-10-01
-0.8 15.6 5.62666666666667 0 0 1964-11-01
-13.5 5.7 -1.81935483870968 21 0 1964-12-01
-9.8 6 -0.0983870967741936 14 0 1965-01-01
-14.4 6.4 -3.41607142857143 26 0 1965-02-01
-11.4 14.6 1.91774193548387 13 0 1965-03-01
0.6 17.2 7.94833333333333 0 0 1965-04-01
2.1 23.9 11.8096774193548 0 0 1965-05-01
8.5 28.7 16.7816666666667 0 0 1965-06-01
8.4 27.7 17.5629032258065 0 0 1965-07-01
7.4 29.3 16.3225806451613 0 0 1965-08-01
4.8 23.4 13.9 0 0 1965-09-01
-2.6 17.9 8.33387096774194 0 0 1965-10-01
-11.8 15.6 1.82166666666667 11 0 1965-11-01
-4.3 10.6 2.42741935483871 5 0 1965-12-01
-15.7 9 -4.64354838709677 23 0 1966-01-01
-3.4 14.7 5.29821428571429 1 0 1966-02-01
-2.9 13 3.85806451612903 2 0 1966-03-01
-0.3 19.4 10.4416666666667 0 0 1966-04-01
4.1 23.4 13.308064516129 0 0 1966-05-01
7.7 27.6 17.31 0 0 1966-06-01
9.7 25.9 17.1661290322581 0 0 1966-07-01
7.8 28.6 16.5532258064516 0 0 1966-08-01
5.3 24 14.6516666666667 0 0 1966-09-01
-0.8 23.1 12.4983870967742 0 0 1966-10-01
-6 12.9 1.845 11 0 1966-11-01
-9.6 9 0.724193548387097 13 0 1966-12-01
-15.1 8.9 -0.880645161290323 14 0 1967-01-01
-8.8 12.6 1.92321428571429 8 0 1967-02-01
-0.5 14.4 5.34677419354839 0 0 1967-03-01
-0.2 19.9 7.83833333333333 0 0 1967-04-01
2.5 25.1 13.1854838709677 0 0 1967-05-01
5.6 29.4 15.8033333333333 0 0 1967-06-01
11.2 30.7 19.6016129032258 0 1 1967-07-01
9.8 29.1 17.8758064516129 0 0 1967-08-01
6.2 26.6 14.565 0 0 1967-09-01
-1.9 21.6 10.7290322580645 0 0 1967-10-01
-3.9 14.2 2.83833333333333 8 0 1967-11-01
-8.5 10.6 -0.0451612903225806 15 0 1967-12-01
-18.9 9.5 -2.10322580645161 20 0 1968-01-01
-5.4 10.3 1.60172413793103 8 0 1968-02-01
-6.8 20 4.82741935483871 5 0 1968-03-01
-0.8 24.6 10.2 0 0 1968-04-01
2.8 25.3 13.0967741935484 0 0 1968-05-01
6.1 27.4 16.9666666666667 0 0 1968-06-01
9.8 30.1 17.4145161290323 0 1 1968-07-01
7.1 25.4 16.808064516129 0 0 1968-08-01
7.1 22.2 14.085 0 0 1968-09-01
-1.7 20.4 9.68064516129032 0 0 1968-10-01
-6.3 21.6 3.74 5 0 1968-11-01
-15.9 5.4 -2.86290322580645 27 0 1968-12-01
-14.9 6.2 -1.6741935483871 20 0 1969-01-01
-12.9 6.3 -1.25714285714286 16 0 1969-02-01
-5.9 14.6 2.35645161290323 5 0 1969-03-01
-2.3 22.9 8.625 0 0 1969-04-01
3.5 27.2 14.991935483871 0 0 1969-05-01
7.1 27.2 15.3916666666667 0 0 1969-06-01
8.3 29.8 18.6467741935484 0 0 1969-07-01
8.8 27.7 17.1758064516129 0 0 1969-08-01
4.6 23.5 14.9016666666667 0 0 1969-09-01
1.5 16.2 9.76129032258065 0 0 1969-10-01
-5.4 15.1 5.29833333333333 2 0 1969-11-01
-19.9 1.9 -4.6241935483871 30 0 1969-12-01
-8.2 4.2 -2.65806451612903 28 0 1970-01-01
-13.9 7.6 -0.0714285714285714 11 0 1970-02-01
-8.9 15.2 2.34516129032258 9 0 1970-03-01
-1.2 21.4 7.39833333333333 0 0 1970-04-01
1.6 20.7 11.4225806451613 0 0 1970-05-01
6.8 27.1 17.5816666666667 0 0 1970-06-01
9.6 27.4 17.7564516129032 0 0 1970-07-01
8.6 29.4 18 0 0 1970-08-01
2.8 25.9 14.475 0 0 1970-09-01
-0.2 17.8 9.04193548387097 0 0 1970-10-01
-2.7 21.8 6.11333333333333 0 0 1970-11-01
-14.3 8.9 -0.4 18 0 1970-12-01
-17.2 6.8 -3.59838709677419 23 0 1971-01-01
-10 9.9 0.739285714285714 8 0 1971-02-01
-17.5 19.5 0.983870967741935 12 0 1971-03-01
-0.5 19.9 9.89 0 0 1971-04-01
3.5 26.3 14.7822580645161 0 0 1971-05-01
7.6 24.3 15.4933333333333 0 0 1971-06-01
8.5 28.8 18.6032258064516 0 0 1971-07-01
11 31.9 19.7725806451613 0 2 1971-08-01
5 21.7 12.765 0 0 1971-09-01
-3.5 19.1 9.2258064516129 0 0 1971-10-01
-8 13.8 3.78833333333333 4 0 1971-11-01
-7 10.1 2.38064516129032 6 0 1971-12-01
-12.2 3.1 -2.70161290322581 24 0 1972-01-01
-9.9 10.5 0.891379310344828 10 0 1972-02-01
-4.6 16.6 6.41612903225807 1 0 1972-03-01
-0.9 18.8 8.38666666666667 0 0 1972-04-01
4.9 24.5 12.9241935483871 0 0 1972-05-01
6.8 27.3 16.1666666666667 0 0 1972-06-01
8.4 28.4 18.158064516129 0 0 1972-07-01
7.9 30.1 17.5193548387097 0 1 1972-08-01
2 24.5 12.39 0 0 1972-09-01
-2.7 14.8 6.50806451612903 0 0 1972-10-01
-5.3 13.3 3.26166666666667 5 0 1972-11-01
-9.1 6 -1.70806451612903 22 0 1972-12-01
-8.9 4.1 -1.56129032258065 26 0 1973-01-01
-6.4 7.3 0.707142857142857 7 0 1973-02-01
-7 15.5 3.62741935483871 3 0 1973-03-01
-1.4 18.9 6.345 0 0 1973-04-01
3.4 27.1 14.1741935483871 0 0 1973-05-01
8.6 28.5 16.9466666666667 0 0 1973-06-01
9.9 27.3 18.3645161290323 0 0 1973-07-01
10.3 29.5 18.758064516129 0 0 1973-08-01
5.1 31 16.2133333333333 0 4 1973-09-01
-4.6 18.8 7.69193548387097 0 0 1973-10-01
-6.7 11.8 2.65 4 0 1973-11-01
-17.2 7.4 -1.15161290322581 14 0 1973-12-01
-2.7 9.6 1.56935483870968 10 0 1974-01-01
-5.2 10.3 3.00535714285714 1 0 1974-02-01
-3.9 20.2 7.03548387096774 0 0 1974-03-01
-0.4 19.1 8.79 0 0 1974-04-01
3.5 22.5 12.1048387096774 0 0 1974-05-01
6 24.8 14.7366666666667 0 0 1974-06-01
9.9 26.6 17.1967741935484 0 0 1974-07-01
9.9 33.1 19.4177419354839 0 4 1974-08-01
2.2 26.3 14.64 0 0 1974-09-01
-1.3 14 5.8741935483871 0 0 1974-10-01
-3.6 11.1 2.88333333333333 2 0 1974-11-01
-7.1 14 3.8241935483871 5 0 1974-12-01
-4.3 10.3 2.15645161290323 8 0 1975-01-01
-7.5 8.7 0.614285714285714 8 0 1975-02-01
-2.8 13.9 4.54838709677419 0 0 1975-03-01
-0.6 21.3 7.71166666666667 0 0 1975-04-01
3.3 25.4 14.1951612903226 0 0 1975-05-01
4.1 27.1 15.3483333333333 0 0 1975-06-01
9.3 26.8 18.2 0 0 1975-07-01
10 26.1 18.1483870967742 0 0 1975-08-01
5.4 25.6 16.6866666666667 0 0 1975-09-01
-0.6 22 8.51129032258065 0 0 1975-10-01
-12 9.4 2.48166666666667 7 0 1975-11-01
-17 6.4 -0.758064516129032 17 0 1975-12-01
-12.4 11 1.71612903225806 8 0 1976-01-01
-9 10.5 0.312068965517241 11 0 1976-02-01
-8.5 16.6 2.04516129032258 11 0 1976-03-01
-1.5 20.6 8.765 0 0 1976-04-01
0.5 24.9 13.6903225806452 0 0 1976-05-01
5.4 27.9 17.51 0 0 1976-06-01
10.4 30.7 19.6838709677419 0 3 1976-07-01
8 24.8 16.0354838709677 0 0 1976-08-01
5.5 20.9 12.865 0 0 1976-09-01
1.2 21.2 10.0709677419355 0 0 1976-10-01
-1.7 14.5 4.615 0 0 1976-11-01
-17.6 7.6 -1.72741935483871 20 0 1976-12-01
-10.8 6.5 -1.08870967741935 21 0 1977-01-01
-8 11.2 2.89642857142857 5 0 1977-02-01
-4.2 19.3 7.40645161290323 2 0 1977-03-01
-2.6 17.6 7.08833333333333 0 0 1977-04-01
4.8 25.8 13.7370967741935 0 0 1977-05-01
4.4 27.5 17.3233333333333 0 0 1977-06-01
9.2 28.9 18.6241935483871 0 0 1977-07-01
7.3 26.8 17.1032258064516 0 0 1977-08-01
4.4 24.6 13.4266666666667 0 0 1977-09-01
4.2 19.2 10.3758064516129 0 0 1977-10-01
-8 17.2 5.38666666666667 3 0 1977-11-01
-12.1 7 -0.641935483870968 18 0 1977-12-01
-9.2 7.2 -0.151923076923077 11 0 1978-01-01
-16.5 7.6 -2.24107142857143 22 0 1978-02-01
-1.8 18 4.77903225806452 0 0 1978-03-01
-1.6 18.8 7.99 0 0 1978-04-01
0.4 23.3 12.3822580645161 0 0 1978-05-01
5.2 25.7 15.7983333333333 0 0 1978-06-01
7.1 27.2 16.8145161290323 0 0 1978-07-01
7.4 27.8 16.5983870967742 0 0 1978-08-01
6.8 24 14.2333333333333 0 0 1978-09-01
0.7 17.4 9.14193548387097 0 0 1978-10-01
-3.5 7.9 1.61166666666667 9 0 1978-11-01
-15.2 10.5 0.00161290322580636 16 0 1978-12-01
-15.9 7 -4.95 30 0 1979-01-01
-9.5 7.6 0.198214285714286 10 0 1979-02-01
-7 14.7 5.14193548387097 1 0 1979-03-01
-3 18.6 7.18666666666667 0 0 1979-04-01
-1.3 28.4 13.5193548387097 0 0 1979-05-01
8.9 28.3 18.23 0 0 1979-06-01
10.4 26 16.8532258064516 0 0 1979-07-01
6.7 27.5 16.7064516129032 0 0 1979-08-01
3 24.4 14.2616666666667 0 0 1979-09-01
-0.6 18.7 8.40483870967742 0 0 1979-10-01
-3.5 12.8 3.36666666666667 3 0 1979-11-01
-2.8 13 3.99354838709677 3 0 1979-12-01
-14.5 6.2 -3.20806451612903 24 0 1980-01-01
-4.8 10.5 2.57586206896552 3 0 1980-02-01
-7.7 15.5 3.71290322580645 4 0 1980-03-01
-0.8 18 5.66833333333333 0 0 1980-04-01
1.8 22 11.0129032258065 0 0 1980-05-01
8.2 28.5 15.9983333333333 0 0 1980-06-01
7.4 25.9 16.458064516129 0 0 1980-07-01
6.2 28.6 18.358064516129 0 0 1980-08-01
4.8 23.9 14.3083333333333 0 0 1980-09-01
-1 20.3 8.60645161290323 0 0 1980-10-01
-6.8 14 2.05333333333333 12 0 1980-11-01
-19.1 8.6 -1.02258064516129 17 0 1980-12-01
-16.8 9 -3.62096774193548 23 0 1981-01-01
-7.3 7.5 -0.321428571428571 19 0 1981-02-01
-2.4 20.5 7.53870967741936 1 0 1981-03-01
-1.3 21.5 9.17666666666667 0 0 1981-04-01
3.3 25.4 13.5967741935484 0 0 1981-05-01
7.2 29.5 16.95 0 0 1981-06-01
8.8 27.6 17.3387096774194 0 0 1981-07-01
9.5 30.1 18.3596774193548 0 1 1981-08-01
7.4 23.5 14.6733333333333 0 0 1981-09-01
-1.2 20.3 9.41612903225806 0 0 1981-10-01
-6.4 16.6 4.63333333333333 5 0 1981-11-01
-15.9 7.4 -1.48387096774194 16 0 1981-12-01
-18.4 9 -4.11774193548387 21 0 1982-01-01
-8.2 5.1 -1.73214285714286 21 0 1982-02-01
-2 16.1 4.7 0 0 1982-03-01
-1 19.4 7.30166666666667 0 0 1982-04-01
0.7 24.9 13.8096774193548 0 0 1982-05-01
7.7 28.2 17.2733333333333 0 0 1982-06-01
12 28.6 19.608064516129 0 0 1982-07-01
8.8 28.4 18.6774193548387 0 0 1982-08-01
8.3 25.5 16.6333333333333 0 0 1982-09-01
1.2 19.8 9.93064516129032 0 0 1982-10-01
-2.8 11.2 4.005 2 0 1982-11-01
-7.9 13 1.68548387096774 8 0 1982-12-01
-4.7 13.6 3.31774193548387 5 0 1983-01-01
-15.3 12.1 -2.38035714285714 22 0 1983-02-01
-3.7 15.1 5.21935483870968 0 0 1983-03-01
-0.3 22.2 9.72333333333333 0 0 1983-04-01
4.5 27.8 13.6854838709677 0 0 1983-05-01
7.3 28.2 16.875 0 0 1983-06-01
9.7 34.3 21.1887096774194 0 5 1983-07-01
9.3 32.2 18.8661290322581 0 1 1983-08-01
4 28.5 14.7466666666667 0 0 1983-09-01
-2.3 23.4 9.64193548387097 0 0 1983-10-01
-10.4 11.6 1.67333333333333 12 0 1983-11-01
-14.2 10.3 -1.62903225806452 19 0 1983-12-01
-13.3 9.6 -0.391935483870968 15 0 1984-01-01
-12.2 9.4 -0.939655172413793 16 0 1984-02-01
-5.4 15.5 2.5758064516129 5 0 1984-03-01
-1.1 20 7.39 0 0 1984-04-01
1.6 23.6 12.1806451612903 0 0 1984-05-01
7.1 27 15.57 0 0 1984-06-01
7.5 31.5 16.6387096774194 0 1 1984-07-01
8.9 27.5 17.6096774193548 0 0 1984-08-01
5.7 27.3 13.3 0 0 1984-09-01
0.2 17.3 10.1177419354839 0 0 1984-10-01
-3.9 17 4.44166666666667 2 0 1984-11-01
-9.6 8.5 -0.137096774193548 18 0 1984-12-01
-25.4 3.4 -7.03870967741936 29 0 1985-01-01
-18.5 8.6 -3.71964285714286 18 0 1985-02-01
-3.8 17.6 2.9241935483871 2 0 1985-03-01
-0.4 19.5 8.68333333333333 0 0 1985-04-01
1 26.6 14.491935483871 0 0 1985-05-01
6.1 27.4 15.0916666666667 0 0 1985-06-01
9.3 30.4 18.7790322580645 0 1 1985-07-01
9.6 30.4 18.1209677419355 0 1 1985-08-01
4.8 24.8 14.9983333333333 0 0 1985-09-01
-0.1 21.8 8.59354838709677 0 0 1985-10-01
-12.4 12.3 1.43 14 0 1985-11-01
-5 10.7 2.41129032258065 6 0 1985-12-01
-12 9.6 -0.187096774193548 16 0 1986-01-01
-17.8 5.4 -5.67678571428571 26 0 1986-02-01
-9.8 16.5 3.03548387096774 3 0 1986-03-01
-3.3 21.6 8.98666666666667 1 0 1986-04-01
4 25.8 15.4129032258065 0 0 1986-05-01
5 27.5 16.2683333333333 0 0 1986-06-01
8.4 30.9 18.0177419354839 0 1 1986-07-01
7.5 30 18.6354838709677 0 0 1986-08-01
3.6 25.1 14.06 0 0 1986-09-01
-0.2 21.2 10.1258064516129 0 0 1986-10-01
-2.3 13.2 4.06833333333333 0 0 1986-11-01
-13.6 10 -0.0435483870967742 18 0 1986-12-01
-20.5 9.2 -4.6 24 0 1987-01-01
-18.1 6.8 -1.08571428571429 9 0 1987-02-01
-19.3 14.2 -0.958064516129032 16 0 1987-03-01
-0.1 22.2 9.59333333333333 0 0 1987-04-01
2.6 23.5 11.6274193548387 0 0 1987-05-01
7.9 28.7 16.255 0 0 1987-06-01
9.3 29.6 19.4177419354839 0 0 1987-07-01
8.7 28.5 17.2596774193548 0 0 1987-08-01
4.4 28.2 17.59 0 0 1987-09-01
1.2 22.8 10.4983870967742 0 0 1987-10-01
-2.6 10.4 4.475 0 0 1987-11-01
-11.8 12.4 2.16774193548387 12 0 1987-12-01
-4.4 12.7 1.93870967741935 10 0 1988-01-01
-7 10.3 1.86551724137931 2 0 1988-02-01
-8.5 14 3.03548387096774 7 0 1988-03-01
-0.2 21.2 9.385 0 0 1988-04-01
3.8 24.5 15.1951612903226 0 0 1988-05-01
9.7 27.6 16.7733333333333 0 0 1988-06-01
9.7 33 19.5096774193548 0 2 1988-07-01
9.6 29.3 18.9306451612903 0 0 1988-08-01
7.2 26 15.0216666666667 0 0 1988-09-01
0.2 21.3 10.7612903225806 0 0 1988-10-01
-12.5 10.3 1.825 8 0 1988-11-01
-11.8 11 2.48548387096774 6 0 1988-12-01
-4.6 8.3 1.02096774193548 13 0 1989-01-01
-3.3 15.8 3.29285714285714 5 0 1989-02-01
-0.6 21.2 8.09677419354839 0 0 1989-03-01
0.4 24.4 9.8 0 0 1989-04-01
2.8 24 13.841935483871 0 0 1989-05-01
6.5 26.6 15.5166666666667 0 0 1989-06-01
9.5 29.3 19.3677419354839 0 0 1989-07-01
9.7 32.9 18.8629032258065 0 1 1989-08-01
6.5 24 14.9666666666667 0 0 1989-09-01
1 17.6 10.0354838709677 0 0 1989-10-01
-11.6 15.9 2.05333333333333 9 0 1989-11-01
-11.3 13.1 0.475806451612903 17 0 1989-12-01
-10.5 10 -0.775806451612903 15 0 1990-01-01
-3 14.5 4.45178571428571 0 0 1990-02-01
-0.7 22 8.24516129032258 0 0 1990-03-01
-0.3 18.5 8.12333333333333 0 0 1990-04-01
5.3 23.7 15.0935483870968 0 0 1990-05-01
7.1 27.6 16.6316666666667 0 0 1990-06-01
8.8 29.2 18.2032258064516 0 0 1990-07-01
8.2 29.5 19.5129032258065 0 0 1990-08-01
3.7 21.4 13.175 0 0 1990-09-01
-1.4 22.4 10.0983870967742 0 0 1990-10-01
-2.1 14.9 4.79833333333333 0 0 1990-11-01
-9.1 13.6 -0.395161290322581 20 0 1990-12-01
-10.2 12.3 0.814516129032258 15 0 1991-01-01
-16.1 9 -3.16785714285714 23 0 1991-02-01
-1.9 18.3 6.71935483870968 0 0 1991-03-01
-1.2 17.3 8.32833333333333 0 0 1991-04-01
3.4 21.5 10.6854838709677 0 0 1991-05-01
6.6 27.5 16.0883333333333 0 0 1991-06-01
9.3 31.1 19.7983870967742 0 1 1991-07-01
8.9 29.6 19.2145161290323 0 0 1991-08-01
7.4 24.7 16.0266666666667 0 0 1991-09-01
-4 21.5 8.75806451612903 0 0 1991-10-01
-6.2 11.5 3.20166666666667 1 0 1991-11-01
-17.5 10.8 -1.76129032258065 16 0 1991-12-01
-10.1 9.7 0.438709677419355 15 0 1992-01-01
-5.3 9.8 2.41379310344828 5 0 1992-02-01
-1.6 16.1 5.42096774193548 0 0 1992-03-01
0.5 23 8.91 0 0 1992-04-01
5 24.1 15.0290322580645 0 0 1992-05-01
9.9 28.2 17.9833333333333 0 0 1992-06-01
11.3 32.3 20.3935483870968 0 4 1992-07-01
11.8 33.2 22.6112903225806 0 11 1992-08-01
6.5 25.4 15.2616666666667 0 0 1992-09-01
-0.6 21.7 8.50161290322581 0 0 1992-10-01
-1.1 14.5 5.81166666666667 0 0 1992-11-01
-10.7 6.8 -0.47258064516129 14 0 1992-12-01
-13.3 15.3 1.98225806451613 8 0 1993-01-01
-14.9 5.2 -2.31964285714286 19 0 1993-02-01
-8.6 17.7 3.23548387096774 8 0 1993-03-01
0 23.6 10.4883333333333 0 0 1993-04-01
7.9 27.7 16.391935483871 0 0 1993-05-01
8.8 28.4 17.3683333333333 0 0 1993-06-01
9.5 28.2 17.9451612903226 0 0 1993-07-01
7.2 30.5 18.7016129032258 0 1 1993-08-01
5.6 24.2 14.12 0 0 1993-09-01
1.7 21 9.54516129032258 0 0 1993-10-01
-8.8 12.3 1.34 13 0 1993-11-01
-6.1 13.4 2.45322580645161 8 0 1993-12-01
-7.9 14.2 2.92096774193548 7 0 1994-01-01
-11.8 12.3 0.755357142857143 9 0 1994-02-01
-1.5 20.2 8.2258064516129 0 0 1994-03-01
-0.2 22.2 8.83 0 0 1994-04-01
3.7 24 14.2983870967742 0 0 1994-05-01
7.8 31 17.7166666666667 0 2 1994-06-01
13.6 31.9 22.1193548387097 0 7 1994-07-01
9.4 31.5 20.5741935483871 0 5 1994-08-01
6.3 26.8 15.8916666666667 0 0 1994-09-01
-0.8 19.2 8.12096774193548 0 0 1994-10-01
2.3 16.5 7.55 0 0 1994-11-01
-6.7 11.8 2.08870967741935 12 0 1994-12-01
-12.3 13.2 -0.748387096774194 17 0 1995-01-01
-4.2 13.3 5.20357142857143 0 0 1995-02-01
-4.4 17 4.03225806451613 0 0 1995-03-01
0 25.1 10.095 0 0 1995-04-01
3.6 27.8 14.1612903225806 0 0 1995-05-01
9.8 27.9 16.1316666666667 0 0 1995-06-01
13.2 33 21.7306451612903 0 4 1995-07-01
8 29.1 18.3854838709677 0 0 1995-08-01
6.2 23 13.6483333333333 0 0 1995-09-01
0.3 20.7 11.7177419354839 0 0 1995-10-01
-7.2 13.1 2.04166666666667 9 0 1995-11-01
-14.2 11.4 -0.909677419354839 22 0 1995-12-01
-14.1 1.7 -3.55322580645161 29 0 1996-01-01
-15 7.3 -3.10172413793103 21 0 1996-02-01
-10.2 14.2 1.48225806451613 10 0 1996-03-01
-2.7 23.9 8.91833333333333 0 0 1996-04-01
5.5 28 14.1725806451613 0 0 1996-05-01
8.5 29.5 18.3333333333333 0 0 1996-06-01
6.8 30 17.6822580645161 0 0 1996-07-01
8.1 28.9 17.7483870967742 0 0 1996-08-01
5.2 21.2 11.9266666666667 0 0 1996-09-01
-1.4 23.2 10.0693548387097 0 0 1996-10-01
-4.2 21.4 5.4 3 0 1996-11-01
-17.8 5.4 -3.03548387096774 19 0 1996-12-01
-14.6 4.9 -3.80645161290323 28 0 1997-01-01
-10.6 15.2 3.21964285714286 5 0 1997-02-01
-1.1 14.7 5.88387096774194 0 0 1997-03-01
-3.5 19.1 6.55666666666667 0 0 1997-04-01
2.8 28.5 14.7677419354839 0 0 1997-05-01
3.8 31.3 17.1966666666667 0 1 1997-06-01
10.3 27.4 18.3241935483871 0 0 1997-07-01
10.7 27.9 19.2870967741936 0 0 1997-08-01
2.5 25.7 14.945 0 0 1997-09-01
-5.4 23.5 8.31129032258065 2 0 1997-10-01
-5.8 21.3 3.95333333333333 2 0 1997-11-01
-7.6 11.3 1.75645161290323 7 0 1997-12-01
-12.2 12.9 1.05322580645161 13 0 1998-01-01
-15 17 3.68392857142857 7 0 1998-02-01
-4.7 19.6 5.10806451612903 1 0 1998-03-01
-1.2 24.9 10.6416666666667 0 0 1998-04-01
6.3 27.1 15.2790322580645 0 0 1998-05-01
7.6 31.4 18.4966666666667 0 2 1998-06-01
9.1 33.2 19.391935483871 0 3 1998-07-01
8.9 31.7 18.9951612903226 0 1 1998-08-01
6.3 24 14.2733333333333 0 0 1998-09-01
1.8 20.6 10.9532258064516 0 0 1998-10-01
-9.3 12.4 2.03333333333333 10 0 1998-11-01
-15.6 9.6 -0.990322580645161 23 0 1998-12-01
-7.8 11.4 0.725806451612903 16 0 1999-01-01
-13.1 9.9 -0.435714285714286 13 0 1999-02-01
-5.1 18.4 6.20483870967742 1 0 1999-03-01
1 20.4 9.96833333333333 0 0 1999-04-01
NA 27.5 NA NA 0 1999-05-01
NA 26.6 NA NA 0 1999-06-01
NA 32.2 NA NA 2 1999-07-01
NA 29 NA NA 0 1999-08-01
NA 27.1 NA NA 0 1999-09-01
NA 20.1 NA NA 0 1999-10-01
NA 15.1 NA NA 0 1999-11-01
NA 9.9 NA NA 0 1999-12-01
NA 11.1 NA NA 0 2000-01-01
NA 12.8 NA NA 0 2000-02-01
NA 16 NA NA 0 2000-03-01
NA 25.3 NA NA 0 2000-04-01
NA 27.5 NA NA 0 2000-05-01
NA 32.1 NA NA 3 2000-06-01
NA 27.7 NA NA 0 2000-07-01
NA 31.8 NA NA 4 2000-08-01
NA 24.3 NA NA 0 2000-09-01
NA 21.6 NA NA 0 2000-10-01
NA 17 NA NA 0 2000-11-01
NA 14.3 NA NA 0 2000-12-01
NA 5.2 NA NA 0 2001-01-01
NA 9 NA NA 0 2001-02-01
NA 17.4 NA NA 0 2001-03-01
NA 25.5 NA NA 0 2001-04-01
NA 27.6 NA NA 0 2001-05-01
NA 29.3 NA NA 0 2001-06-01
NA 31.6 NA NA 2 2001-07-01
NA 31 NA NA 2 2001-08-01
NA 21 NA NA 0 2001-09-01
NA 24.9 NA NA 0 2001-10-01
NA 16.6 NA NA 0 2001-11-01
NA 8.3 NA NA 0 2001-12-01
-14.3 14 -0.459677419354839 19 0 2002-01-01
-5 14.8 5.29285714285714 0 0 2002-02-01
-3 16.1 6.30322580645161 0 0 2002-03-01
-2.7 19.8 9.28666666666667 0 0 2002-04-01
5.5 27.8 16.1661290322581 0 0 2002-05-01
6.1 31.8 19.3466666666667 0 3 2002-06-01
9.5 31.9 19.7161290322581 0 2 2002-07-01
11.8 27.6 19.141935483871 0 0 2002-08-01
1.5 25.3 13.635 0 0 2002-09-01
1.6 18 8.94677419354839 0 0 2002-10-01
-2.8 21.5 6.49666666666667 1 0 2002-11-01
-8.7 12.6 -0.261290322580645 17 0 2002-12-01
-17.3 11.9 -1.50806451612903 16 0 2003-01-01
-14.4 6.3 -3.64464285714286 27 0 2003-02-01
-4.6 18.4 5.39354838709677 0 0 2003-03-01
-4.4 27.6 9.24333333333333 1 0 2003-04-01
2.3 29 16.3741935483871 0 0 2003-05-01
10.5 32.3 21.255 0 5 2003-06-01
11.2 32.2 20.0822580645161 0 4 2003-07-01
11.2 33.5 21.9806451612903 0 7 2003-08-01
3.3 25.6 14.365 0 0 2003-09-01
-5.4 23.2 6.5258064516129 2 0 2003-10-01
-1.6 16.2 5.24166666666667 0 0 2003-11-01
-15.4 11.3 -0.533870967741935 13 0 2003-12-01
-14.3 7.8 -1.45483870967742 21 0 2004-01-01
-11.4 16.8 1.98275862068966 10 0 2004-02-01
-9.9 18.8 3.28225806451613 6 0 2004-03-01
-1 23.8 9.89833333333333 0 0 2004-04-01
3.5 23.6 12.8209677419355 0 0 2004-05-01
7.6 28.9 16.4983333333333 0 0 2004-06-01
8.9 28.7 18.3790322580645 0 0 2004-07-01
8.3 29 19.2596774193548 0 0 2004-08-01
5 24 14.3933333333333 0 0 2004-09-01
-0.6 19.9 9.84193548387097 0 0 2004-10-01
-5.4 13.5 4.21166666666667 3 0 2004-11-01
-14.3 9.5 -1.16290322580645 16 0 2004-12-01
-13.9 10.5 -0.238709677419355 14 0 2005-01-01
-15 8.7 -2.16071428571429 20 0 2005-02-01
-17 18.8 2.66935483870968 11 0 2005-03-01
-1.8 20.5 9.375 0 0 2005-04-01
1.1 29.1 14.0209677419355 0 0 2005-05-01
6.1 29.6 17.5533333333333 0 0 2005-06-01
7 32.4 19.1354838709677 0 3 2005-07-01
8.1 27.5 16.8532258064516 0 0 2005-08-01
5.5 27 15.435 0 0 2005-09-01
0.1 19.1 9.74193548387097 0 0 2005-10-01
-9.5 11 2.61 11 0 2005-11-01
-11.4 5.2 -0.643548387096774 16 0 2005-12-01
-16.5 5 -4.88548387096774 25 0 2006-01-01
-13.4 6.8 -1.51785714285714 18 0 2006-02-01
-8 17.6 2.21451612903226 12 0 2006-03-01
-1.6 22.2 10.3916666666667 0 0 2006-04-01
3.3 24.4 14.1467741935484 0 0 2006-05-01
5.8 29.7 17.7116666666667 0 0 2006-06-01
11.2 32.4 22.1370967741935 0 7 2006-07-01
8.4 27.2 16.8983870967742 0 0 2006-08-01
6.4 28 17.1683333333333 0 0 2006-09-01
0.4 23.8 11.9532258064516 0 0 2006-10-01
-0.8 14.7 6.24833333333333 0 0 2006-11-01
-7.3 14.4 1.99677419354839 7 0 2006-12-01
-8.8 17.3 5.0258064516129 4 0 2007-01-01
-2.6 13.3 4.91607142857143 0 0 2007-02-01
-2 15.4 7.05483870967742 0 0 2007-03-01
-0.4 24.6 12.7933333333333 0 0 2007-04-01
4 27.1 15.6596774193548 0 0 2007-05-01
9.3 30.3 19.8683333333333 0 1 2007-06-01
9.7 32.3 20.0661290322581 0 5 2007-07-01
10 28.2 18.5967741935484 0 0 2007-08-01
5.3 22.4 13.31 0 0 2007-09-01
0.8 20 8.6758064516129 0 0 2007-10-01
-4.3 10.9 2.68 5 0 2007-11-01
-7.5 11.2 0.0693548387096774 16 0 2007-12-01
-7.6 11.2 1.79354838709677 9 0 2008-01-01
-8 15 3.45172413793103 7 0 2008-02-01
-5 16 5.11774193548387 1 0 2008-03-01
-1.4 19.9 9.41166666666667 0 0 2008-04-01
5.5 28.6 15.2032258064516 0 0 2008-05-01
7.7 30.8 19.365 0 1 2008-06-01
11.2 29 19.0306451612903 0 0 2008-07-01
7.9 29.2 19.2209677419355 0 0 2008-08-01
2 28.6 13.93 0 0 2008-09-01
1.2 19.4 9.99838709677419 0 0 2008-10-01
-5.6 23.3 5.52 3 0 2008-11-01
-8.3 13.6 1.22741935483871 11 0 2008-12-01
-12.1 6.3 -2.82096774193548 24 0 2009-01-01
-7.5 10 0.141071428571429 12 0 2009-02-01
-1.5 20.7 4.79193548387097 0 0 2009-03-01
4.4 26.2 14.5466666666667 0 0 2009-04-01
5.3 29.9 16.1725806451613 0 0 2009-05-01
9 28.8 17.1266666666667 0 0 2009-06-01
10.1 34.9 20.4612903225806 0 4 2009-07-01
9.6 31.4 20.7145161290323 0 3 2009-08-01
7.4 28 16.9383333333333 0 0 2009-09-01
-0.5 26.3 9.67741935483871 0 0 2009-10-01
-0.3 16.5 6.73833333333333 0 0 2009-11-01
-14.2 9 0.158064516129032 11 0 2009-12-01
-14.6 5.9 -2.6241935483871 25 0 2010-01-01
-8.2 11.2 -0.25 15 0 2010-02-01
-11.6 23.7 5.4758064516129 7 0 2010-03-01
-1.1 24.9 10.63 0 0 2010-04-01
6.6 26.8 13.9209677419355 0 0 2010-05-01
9.3 31.4 17.9083333333333 0 3 2010-06-01
11.6 32.8 21.2112903225806 0 10 2010-07-01
8.5 31.2 19.0064516129032 0 2 2010-08-01
4.7 22.9 14.0866666666667 0 0 2010-09-01
-2.2 18.4 7.98548387096774 0 0 2010-10-01
-9.6 18.4 5.895 5 0 2010-11-01
-14 8.2 -3.26129032258065 25 0 2010-12-01
-12.5 11.5 -0.109677419354839 18 0 2011-01-01
-8.9 12.1 0.844642857142857 13 0 2011-02-01
-5.9 18.9 6.77903225806452 0 0 2011-03-01
1.2 25.7 13.1916666666667 0 0 2011-04-01
2.1 29.2 15.7467741935484 0 0 2011-05-01
9.7 30.9 18.4033333333333 0 1 2011-06-01
9.5 31.1 18.4354838709677 0 2 2011-07-01
7.2 36.5 20.8338709677419 0 9 2011-08-01
7 29.7 16.7766666666667 0 0 2011-09-01
-1.9 24.2 10.2435483870968 0 0 2011-10-01
-3.8 14.1 3.28666666666667 5 0 2011-11-01
-4 12.5 3.13225806451613 1 0 2011-12-01
-7.8 11.1 1.83870967741935 10 0 2012-01-01
-17.6 10.5 -3.17758620689655 15 0 2012-02-01
-3.5 21.1 8.44838709677419 0 0 2012-03-01
-1.3 30.7 10.5133333333333 0 1 2012-04-01
2 29.6 16.1177419354839 0 0 2012-05-01
4.7 33.5 18.975 0 4 2012-06-01
9.1 31.9 20.1354838709677 0 4 2012-07-01
8.6 35.1 20.7564516129032 0 5 2012-08-01
3 28.5 15.6216666666667 0 0 2012-09-01
-2.9 25.5 9.49677419354839 0 0 2012-10-01
-1.1 12.5 5.315 0 0 2012-11-01
-15.4 13.4 0.446774193548387 13 0 2012-12-01
-9.6 14.2 0.270967741935484 17 0 2013-01-01
-14.9 10.4 -0.385714285714286 17 0 2013-02-01
-7.5 16.4 2.71935483870968 7 0 2013-03-01
-1.1 26.9 10.8316666666667 0 0 2013-04-01
5 26 14.0274193548387 0 0 2013-05-01
6.7 34.1 17.7866666666667 0 5 2013-06-01
12 36.4 21.9532258064516 0 9 2013-07-01
10.2 36.1 20.5677419354839 0 10 2013-08-01
6.5 26.6 14.9216666666667 0 0 2013-09-01
1 22.2 11.1016129032258 0 0 2013-10-01
-6.4 17.9 5.275 3 0 2013-11-01
-4.1 13.5 1.75 9 0 2013-12-01
-6.9 10.4 1.05161290322581 9 0 2014-01-01
-4.8 12.1 3.93035714285714 1 0 2014-02-01
-1.9 21.4 8.86774193548387 0 0 2014-03-01
0.2 21.7 11.7816666666667 0 0 2014-04-01
4.1 29 13.9935483870968 0 0 2014-05-01
8 33.1 18.8033333333333 0 4 2014-06-01
10.5 34.1 20.3790322580645 0 4 2014-07-01
7.4 30.6 18.308064516129 0 1 2014-08-01
2.2 26.6 15.6583333333333 0 0 2014-09-01
3.2 23.1 12.3387096774194 0 0 2014-10-01
0.6 18.1 6.635 0 0 2014-11-01
-9.8 14.1 3.09516129032258 5 0 2014-12-01
-5.1 18.1 2.36290322580645 3 0 2015-01-01
-6.9 9.6 0.958928571428571 9 0 2015-02-01
-2.8 17 6.53870967741936 0 0 2015-03-01
0.1 25.1 10.7766666666667 0 0 2015-04-01
6.7 25.9 14.7725806451613 0 0 2015-05-01
9.5 31.9 19.125 0 4 2015-06-01
10.7 36 23.1451612903226 0 15 2015-07-01
9.4 36.4 23.0612903225806 0 18 2015-08-01
6.2 34.6 15.2466666666667 0 1 2015-09-01
0.6 20.7 9.83225806451613 0 0 2015-10-01
-4.9 18.1 7.95666666666667 2 0 2015-11-01
-6.3 14.1 4.42741935483871 1 0 2015-12-01
-14 14.1 0.235483870967742 14 0 2016-01-01
-3 20.4 5.10172413793103 1 0 2016-02-01
-1.4 22.6 5.93870967741936 0 0 2016-03-01
-2.3 24.7 10.3 0 0 2016-04-01
5.2 28.4 14.45 0 0 2016-05-01
11.1 32.4 19.0066666666667 0 3 2016-06-01
11.1 33.6 21.2645161290323 0 4 2016-07-01
9.6 31.6 19.8532258064516 0 1 2016-08-01
6.9 28.6 17.875 0 0 2016-09-01
0 22.5 9.31774193548387 0 0 2016-10-01
-5.1 12.1 3.81166666666667 5 0 2016-11-01
-7.4 10.1 1.15161290322581 14 0 2016-12-01
-12.9 4.6 -4.8258064516129 29 0 2017-01-01
-5.1 17.6 3.02857142857143 5 0 2017-02-01
-1.9 22.6 8.66774193548387 0 0 2017-03-01
-0.4 23.4 9.28833333333333 0 0 2017-04-01
3.1 31.1 16.0983870967742 0 1 2017-05-01
8.6 33.5 21.1683333333333 0 5 2017-06-01
11 32.4 20.7241935483871 0 8 2017-07-01
9.2 35.1 21.1709677419355 0 7 2017-08-01
5.7 23.4 14.0716666666667 0 0 2017-09-01
4.1 24.1 11.9338709677419 0 0 2017-10-01
-1.1 15.5 4.87833333333333 0 0 2017-11-01
-7.6 13.5 1.56129032258065 8 0 2017-12-01
-2.6 12.1 3.85967741935484 2 0 2018-01-01
-13 7.4 -1.13392857142857 15 0 2018-02-01
-12.9 15.6 3.25806451612903 8 0 2018-03-01
3.1 27.6 15.4033333333333 0 0 2018-04-01
8.7 31.7 17.9354838709677 0 3 2018-05-01
10.4 30.9 20.0166666666667 0 2 2018-06-01
8.7 33.5 21.2048387096774 0 5 2018-07-01
NA 35.7 22.97 0 18 2018-08-01
1.1 29.5 17.3516666666667 0 0 2018-09-01
1.5 25.9 12.5516129032258 0 0 2018-10-01
-6.9 22.2 5.90166666666667 3 0 2018-11-01
-10.4 13.6 2.52096774193548 7 0 2018-12-01
-6.9 9.6 0.266129032258065 13 0 2019-01-01
-7 18.7 3.52142857142857 5 0 2019-02-01
-2.1 19.9 8.29677419354839 0 0 2019-03-01
1.7 27.9 11.6383333333333 0 0 2019-04-01
1.1 23.6 12.3854838709677 0 0 2019-05-01
